1152
2892
1931
744
877
1125
825
769
631
1516
888
2064
507
2550
1145
1581
655
1496
886
580
995
1222
1776
533
914
1338
582
1076
608
900
1182
320
855
2418
1585
334
556
1109
442
640
1117
975
596
865
1650
790
647
835
720
1500
691
721
1156
788
1441
2108
602
758
1548
789
2807
1060
626
1092
928
1747
1427
813
857
350
592
496
735
1267
1107
235
2130
1138
1172
1123
405
1026
1194
517
543
658
917
509
1117
1623
1303
1141
963
865
1215
484
675
817
598
960
967
973
1314
711
732
1988
1445
697
1421
1097
777
813
626
419
1030
1050
892
388
525
795
521
460
1263
440
1441
965
432
657
390
488
1100
1544
1125
383
487
1253
596
217
894
715
1425
671
890
1459
723
713
1978
851
1237
1464
535
1145
714
300
1183
837
2478
614
478
841
458
991
460
1558
790
581
995
1869
1970
768
525
687
1462
586
987
1484
564
772
940
1500
939
1158
833
535
1048
898
1755
1294
657
1220
732
906
440
722
705
442
422
789
862
827
653
535
497
925
537
880
1267
580
2013
547
1650
482
1012
910
410
415
350
1145
829
1306
1571
531
648
610
803
391
594
1216
1753
890
2007
561
1848
933
476
856
1176
1048
853
313
1010
1062
1007
450
825
1527
612
505
1105
872
584
1144
533
403
415
434
813
677
892
594
1697
813
525
475
792
408
1409
543
693
345
798
877
678
644
1258
513
547
517
1318
1287
478
1567
569
1066
450
1322
910
419
1075
405
865
1118
1006
991
375
533
1820
1978
553
560
1100
1077
671
560
731
1956
1125
535
2114
1665
581
535
846
1961
1157
575
1082
1038
1425
679
965
739
1599
985
1457
442
752
1394
423
1153
889
665
450
529
1125
1595
815
430
917
898
468
555
623
1072
1056
933
833
797
596
1335
2633
474
406
618
319
430
800
770
1040
881
381
385
539
564
1198
998
308
428
521
983
642
1153
1200
890
622
675
1085
332
685
683
758
580
550
817
651
1058
699
892
328
549
880
470
1135
1488
1194
356
515
434
673
1038
545
360
450
395
423
483
498
1518
406
1127
1267
1218
314
964
355
887
1585
752
1028
902
1185
947
515
967
470
495
663
647
548
497
525
894
351
1634
1707
588
1295
508
809
386
664
448
1376
329
332
1814
408
407
1248
410
975
621
603
328
387
386
620
1125
1415
1069
474
718
523
1579
492
825
762
503
462
1318
1417
570
325
1169
1373
1409
884
727
505
660
1103
551
882
971
928
533
477
414
1092
612
563
379
434
454
1056
385
420
1102
904
567
685
1340
383
565
375
282
464
884
683
1613
908
647
517
790
324
885
694
853
795
840
628
556
460
793
1305
730
1323
352
545
1180
410
693
483
663
563
969
1003
937
537
638
515
815
312
290
268
480
807
499
1539
908
1332
667
409
728
547
290
626
423
501
1334
738
770
849
529
718
412
992
1189
373
620
355
718
302
359
385
716
468
1800
1407
276
813
331
348
685
882
533
507
975
1133
686
311
1735
758
983
1028
612
576
810
442
438
436
1107
545
850
756
542
422
345
998
491
462
1248
801
414
1152
837
975
318
3059
628
442
395
971
620
1111
626
762
422
815
458
577
675
1827
1387
615
500
705
908
431
844
774
331
560
1188
620
648
760
386
1392
308
836
928
475
626
318
983
1143
697
300
920
423
345
872
1140
1368
1042
776
320
1157
1090
578
404
872
710
1385
715
418
705
995
438
596
908
699
667
723
772
557
967
924
304
912
675
474
298
1291
575
1360
655
975
1048
862
2145
817
519
865
570
1611
1240
713
1080
1255
1101
1422
1557
920
736
608
1427
458
827
340
507
489
916
975
600
1012
375
645
959
392
515
328
1727
468
900
715
908
1210
712
2175
468
1153
1005
1595
698
864
977
1559
488
373
967
519
418
1852
695
650
1642
1512
1231
807
882
1322
758
950
1046
521
975
967
2483
521
1490
1229
478
1350
924
831
1989
505
768
1385
926
1212
1190
565
1106
1056
1690
367
490
2700
825
1155
855
1350
2082
602
1014
525
918
1002
1113
1737
660
754
2045
2100
1305
608
687
1524
652
541
1755
1656
805
1232
1299
663
2290
619
1220
1208
770
679
835
644
594
1027
938
1607
1245
669
825
1587
1365
560
2690
846
932
717
948
385
1251
1625
543
965
1286
2737
493
1697
1358
1007
1680
1232
1181
1443
760
1405
1176
1228
1820
789
2645
1164
808
2556
1444
709
1476
2486
843
1338
1443
2120
786
1579
2102
795
1942
910
920
750
655
870
1790
1415
1296
608
789
1812
1273
1348
1757
1153
1782
991
835
1547
1417
726
533
1060
1510
847
964
766
2298
1050
541
817
1314
1152
711
1267
1565
766
860
1166
1386
663
1301
778
1010
360
425
593
1246
610
849
1102
845
841
1898
1186
460
2522
2400
1327
1145
1070
1867
1050
406
1395
665
940
667
556
2056
967
939
529
983
902
545
525
1396
765
1287
1654
567
627
760
819
995
1417
1658
580
2218
573
1535
485
1011
541
833
786
1182
1226
312
1303
1488
847
1362
945
1081
1350
1397
655
1360
565
961
545
868
618
781
1671
583
533
1101
1436
948
1411
952
1206
896
1070
675
654
1287
888
1260
564
1157
983
780
561
442
1938
316
1131
572
875
1050
304
1062
280
852
781
515
655
1074
1322
1687
675
2345
734
590
580
432
471
355
1190
509
1575
1123
868
442
538
1093
803
847
692
1265
1143
1027
425
450
1631
659
1701
910
525
839
612
1354
774
573
1188
604
624
687
1508
1129
2090
413
1000
627
1437
1452
1808
1007
651
422
345
774
910
1216
588
894
1322
1977
414
1615
560
815
1005
932
493
1335
971
622
1009
875
574
529
1149
477
590
1014
908
660
1018
1583
983
1004
1340
855
578
1125
495
1145
975
1125
990
705
528
1307
1439
814
1170
333
697
414
1103
780
648
525
748
795
624
841
959
1512
1958
1482
644
640
715
677
563
817
458
518
314
1292
1145
292
578
667
944
631
1350
1405
496
675
1457
955
407
436
1607
699
555
529
1103
272
1660
979
892
359
515
762
367
856
775
389
350
1028
1072
781
555
623
732
872
940
616
750
715
748
1013
865
754
517
1133
1325
603
806
1165
845
768
600
1563
1626
1170
1003
777
450
617
860
837
505
316
643
652
955
576
673
510
1395
385
1169
1175
1133
975
507
845
412
1172
360
831
527
300
2002
888
464
576
289
446
942
328
1240
849
860
300
614
377
813
675
433
1211
1226
1215
752
1287
363
547
1202
713
470
606
452
458
1194
320
525
350
853
506
310
616
442
855
277
333
423
809
566
294
631
692
825
302
636
332
359
513
910
1291
1642
474
722
412
501
565
315
555
585
2140
685
1483
497
1372
725
412
853
556
611
740
847
292
908
902
1097
983
880
517
793
1082
1152
963
787
473
758
2177
786
1279
964
948
1100
679
485
827
442
639
683
470
927
377
695
594
997
785
304
1879
685
766
746
586
1473
393
343
1145
675
477
553
612
390
585
495
389
592
614
1326
478
667
624
774
602
1912
655
1090
774
407
985
515
912
774
517
1208
523
564
1093
785
910
340
815
714
617
815
858
959
1050
686
1478
945
658
472
1452
955
602
550
507
760
758
1474
606
537
730
1068
744
880
868
407
778
837
1277
665
312
1110
568
581
882
793
442
730
371
513
797
715
1060
1364
872
1156
598
525
563
547
442
707
840
1115
450
719
938
521
545
1372
406
521
465
1287
460
742
1285
951
647
470
602
505
831
625
448
521
1335
385
2763
927
876
266
365
383
870
1153
835
575
1686
699
548
1011
683
1060
1693
394
1494
547
838
630
572
478
685
1110
492
1303
900
450
916
940
665
290
432
1006
594
648
304
2090
600
875
1090
1169
870
902
418
965
1208
847
1147
562
509
434
1295
675
535
1212
1152
338
377
1626
507
513
606
397
663
884
1056
420
415
639
618
815
726
926
766
296
2227
1181
2100
565
424
413
1417
484
1263
690
602
833
572
825
841
367
517
312
677
430
403
357
963
461
517
778
531
900
728
551
513
1318
343
296
653
797
403
327
1240
509
758
1061
310
497
730
683
781
495
521
367
342
785
635
296
625
403
572
434
1843
1211
400
718
1362
900
411
803
1405
456
578
468
488
517
782
296
343
677
506
535
882
290
1168
375
868
699
783
888
1298
556
558
868
324
1640
536
1490
493
2051
480
1097
772
632
397
505
316
1224
497
841
485
393
657
375
357
685
1095
284
600
843
1865
1335
902
758
1374
1065
614
1034
872
631
1713
466
1346
577
360
1770
521
572
466
537
523
697
720
339
712
456
631
953
606
1463
525
586
1421
703
1222
762
2098
360
648
1237
1409
742
951
553
956
462
560
1729
797
1374
631
507
758
981
1232
833
642
1061
656
685
732
448
841
938
657
508
602
493
1295
507
474
1017
777
619
746
979
509
809
276
612
527
578
480
1212
936
642
1332
600
285
418
1263
483
432
778
588
379
537
1810
330
316
1358
549
573
1421
1468
1225
465
398
973
1222
490
1325
983
527
577
485
888
330
1190
586
1131
539
647
347
1346
588
461
387
341
576
472
888
573
458
630
965
400
1482
582
938
851
316
339
1283
438
1932
847
332
665
298
314
630
1571
937
1067
869
533
845
359
399
1074
280
1153
304
590
48413
855
788
1913
1974
1489
3535
628
955
685
1228
469
503
708
541
864
782
847
815
1200
1332
800
359
1915
837
1492
533
687
1050
632
527
1800
1168
951
815
573
1911
397
908
552
2364
734
1107
1165
1259
1287
1129
665
784
496
936
1628
2603
1012
2258
1305
503
1077
572
1528
1273
795
944
754
1096
991
671
1098
965
795
655
594
1603
1320
1087
2055
2236
633
467
623
1145
535
1151
1046
2962
900
544
839
715
1275
335
1715
825
405
667
1360
1907
652
598
3140
795
1774
1289
888
1497
1173
410
2297
804
509
750
1510
793
769
1556
927
1153
465
664
852
1160
817
308
643
430
712
845
1125
1163
1100
2195
460
833
2384
1395
1072
942
1444
1208
335
1058
1137
2088
1654
2005
1247
863
723
890
325
738
1048
673
590
837
1212
638
544
353
1129
1875
521
576
1969
675
1123
1252
1297
359
468
1540
827
1157
600
955
2120
924
840
960
1567
608
875
1038
565
1231
627
865
1503
452
1348
888
1245
1007
1698
1920
726
1100
2532
925
750
1125
1143
1540
1962
1292
1248
845
1080
1350
525
697
1358
2132
1200
1598
853
470
1200
1798
841
1001
809
790
2116
975
1731
888
435
1184
2123
487
385
1283
361
1760
1490
1281
632
768
756
1022
813
773
1044
1386
1565
875
874
750
1007
866
578
1062
302
434
365
450
701
647
435
1441
1293
1407
1066
870
1190
608
1879
1072
1052
1171
667
1293
965
1388
1247
1360
1007
629
823
695
2122
618
983
2839
584
514
981
1085
754
817
728
468
730
1125
1360
1228
782
1725
553
1232
884
1475
1211
2448
868
448
1251
710
610
1850
730
1660
1399
1500
1188
420
977
740
687
1756
807
1719
1373
695
1502
541
521
2035
945
2998
722
415
750
1769
860
1325
529
552
685
606
1479
1103
1470
777
575
955
1311
1994
785
952
661
828
842
944
671
1050
1261
1765
556
1468
1180
1002
1176
1068
890
715
1255
641
1306
2307
793
1708
1064
738
960
636
927
1389
852
841
1184
985
1389
1013
1165
1153
728
1564
625
1619
672
1478
1415
1451
1006
1370
1164
835
1060
612
1969
1250
821
590
1058
594
1265
2084
Nope!
1010
450
1606
1997
817
1600
1125
920
941
1283
1220
790
485
1334
746
1007
773
1275
581
1660
1617
793
1628
718
805
1002
2151
861
692
1323
614
343
1111
896
885
1114
1109
610
1002
511
665
959
2116
817
1676
1290
580
667
1644
1382
710
1070
444
2625
898
947
1137
1006
810
1251
562
1133
541
333
900
2641
1366
708
847
415
1634
399
1011
568
1050
1520
971
1942
1010
383
1918
1105
882
849
876
987
484
313
1121
817
815
610
2590
773
1429
979
1200
572
1575
929
266
616
959
1135
544
549
1198
584
837
1520
655
995
1010
1358
888
1415
1630
324
926
977
873
768
710
647
403
485
705
580
965
1159
1524
571
914
1070
1245
581
712
458
590
Nope!
426
1228
450
442
1739
1226
1670
1378
561
544
387
1435
2055
1139
719
789
1038
961
1770
2260
1020
560
505
1358
1234
825
1415
1050
387
1302
1075
1551
545
728
687
584
332
847
521
1524
853
810
586
454
364
1102
1135
387
543
1255
531
995
608
620
916
764
616
726
965
1025
979
1422
1121
408
472
663
800
843
353
890
475
735
438
844
888
902
458
657
489
386
1654
1005
1048
1122
671
1283
480
405
436
576
924
825
645
1245
687
415
411
1415
1090
549
1030
1498
472
1006
310
1141
355
482
924
825
1737
2023
858
560
912
385
529
310
931
636
371
967
1192
493
2345
1705
350
762
515
1548
686
963
656
450
505
560
720
1323
1066
608
312
790
940
1077
450
828
465
798
517
837
460
875
615
1381
584
1291
600
477
312
2254
1792
714
1575
460
565
442
1087
434
417
1010
402
908
1050
394
875
825
1066
292
1154
690
1877
807
549
335
975
1393
699
973
2151
478
373
1275
865
498
1462
1259
417
842
872
557
725
635
883
478
785
308
632
719
744
722
535
718
300
914
440
1294
710
527
1792
553
472
357
523
842
889
844
920
793
1275
387
331
681
1010
835
727
1022
961
487
938
560
983
324
858
1003
604
443
572
750
507
908
663
989
454
1323
701
334
1208
888
493
590
405
1547
1017
553
600
391
677
600
407
1006
1155
539
1034
448
990
814
418
791
486
660
523
513
839
332
1010
348
1247
1027
452
655
870
770
837
1979
1494
288
781
1014
1200
875
833
772
829
746
726
642
975
965
1003
577
522
845
772
452
593
1020
373
1362
300
490
432
833
509
563
419
377
943
292
673
381
485
354
1335
630
1299
513
446
983
395
470
500
768
975
694
420
904
912
565
545
247
470
800
357
664
475
513
623
961
556
497
1334
398
569
845
383
598
397
460
787
1245
956
402
1098
683
600
809
541
841
1005
687
872
959
1587
1018
358
1007
1125
1011
707
640
1056
1630
344
1141
1174
1109
480
647
1279
1152
502
431
903
1157
333
324
372
460
877
651
383
991
825
559
2568
793
748
493
884
600
734
815
1273
600
482
440
527
1263
1163
756
559
710
594
507
383
929
677
985
848
1356
900
1038
1944
1283
537
1058
462
726
1244
1066
975
1460
477
340
999
421
439
412
774
475
1003
1435
1212
1453
1002
1129
1494
850
734
426
777
1220
1508
900
1048
1042
340
1465
647
1445
951
1585
977
702
1137
505
1052
535
1601
1448
355
1456
981
1342
790
330
385
1990
1000
1070
400
365
734
381
300
420
308
740
1157
466
402
1240
1678
1001
963
508
832
910
450
928
1220
697
648
990
790
975
748
470
1008
999
630
1425
648
507
1034
805
1155
498
898
1283
730
529
1185
1776
790
544
837
667
320
1269
284
1650
1033
981
356
734
718
497
485
1215
310
1007
768
842
466
347
612
915
800
517
734
902
655
1488
503
775
1190
1119
492
931
1001
1042
543
691
480
1100
1031
625
710
979
827
353
657
738
507
1156
687
598
536
1150
1018
446
825
748
1725
1380
960
679
912
985
422
375
770
665
754
407
365
734
594
798
525
501
1194
402
549
997
408
423
801
411
756
785
752
468
798
573
647
413
959
628
760
1115
733
543
403
990
420
1160
321
948
935
760
677
875
1247
806
547
1332
1348
406
410
648
1981
733
907
1248
1522
594
764
956
458
318
513
1500
837
1123
548
579
1025
555
947
562
860
742
1997
809
690
389
1928
924
663
667
1449
765
1394
1400
462
450
245
758
1174
406
1048
1842
592
537
744
1169
460
359
652
955
1085
1445
517
1150
1129
326
357
500
1072
797
643
1766
837
758
1067
549
314
1286
649
679
631
545
412
413
379
634
1078
1335
535
395
748
1400
935
853
300
655
1275
963
869
731
494
914
1111
785
798
1153
353
417
716
383
616
529
590
431
340
720
470
640
806
489
920
1012
882
381
859
406
608
288
497
843
569
663
395
707
718
1104
754
785
650
1142
677
604
294
648
1468
431
752
600
387
691
1012
373
533
750
434
434
509
507
407
1182
694
1150
565
1110
507
821
798
1143
740
675
550
624
468
503
900
671
975
395
278
507
312
622
894
569
912
766
440
420
727
448
870
632
671
316
444
995
330
401
485
1113
414
1054
920
805
1172
556
245
655
851
450
415
1265
1309
515
798
395
687
686
1060
782
310
383
1690
707
615
335
507
330
943
485
975
460
1077
722
1011
485
387
720
422
677
963
1670
415
919
1048
1085
1784
460
331
664
395
525
442
628
600
450
1627
802
675
825
813
460
430
505
1275
497
426
1468
505
1542
1172
991
367
643
1865
1223
1477
1607
442
363
446
950
738
590
805
1591
1335
418
363
699
940
925
932
780
870
791
497
747
507
703
801
618
568
892
484
274
643
655
543
381
434
784
405
665
375
479
480
1016
1701
673
608
1052
857
569
598
523
618
955
865
590
628
1827
744
872
480
306
525
335
817
438
1026
325
493
582
1378
424
377
517
348
877
332
1303
1551
1052
452
1342
238
608
977
420
969
486
765
413
335
403
483
415
655
448
1164
435
813
517
440
817
405
340
764
734
636
765
311
723
498
657
1125
938
665
406
697
630
466
911
1252
586
1218
975
426
418
794
675
263
333
1327
1077
1598
1018
1097
610
507
281
450
790
517
533
562
466
450
1022
590
383
821
369
330
1370
446
488
511
343
1238
997
1397
985
1180
707
1068
1050
667
918
525
487
584
770
275
1473
631
602
762
648
2262
399
353
569
612
1417
742
892
440
1066
1176
339
633
436
509
1177
507
438
564
1025
696
464
356
575
840
698
1354
572
568
1107
777
972
888
428
930
424
351
790
1189
675
438
528
677
486
456
560
335
1096
1310
527
2230
1235
539
798
570
353
576
504
1485
452
1435
817
1033
375
1520
337
490
773
1235
860
312
553
533
845
622
2873
699
502
1160
775
503
1291
766
399
1619
549
1299
1036
1366
458
320
602
406
695
465
276
985
655
823
1038
1425
1938
427
712
900
345
924
809
491
375
292
967
379
610
425
316
697
1246
689
474
604
399
472
1031
758
681
1310
764
811
286
1255
500
454
290
545
545
1563
1038
961
1085
1788
726
1052
596
671
1052
610
689
1097
657
922
574
385
386
750
768
320
458
753
1091
462
645
663
328
478
325
695
493
798
908
924
536
765
552
1190
696
742
375
633
1295
644
600
915
1307
925
442
1117
316
1119
570
1054
692
348
852
568
304
1295
612
1257
1291
1564
535
1030
1155
495
450
320
1235
535
492
350
292
766
1039
1099
900
311
442
1060
580
1210
667
665
1234
785
588
498
624
1958
513
683
930
286
627
864
1135
373
280
709
403
552
558
397
1623
722
1563
635
1020
434
399
827
1123
768
916
418
772
1402
467
1019
602
1022
758
768
584
462
728
395
659
460
637
576
497
722
644
1291
902
712
1212
326
1409
1480
367
423
1923
553
738
848
525
627
706
1165
1417
1212
1460
322
375
440
1604
625
688
975
292
906
590
345
448
813
726
853
423
515
794
537
344
868
844
310
739
983
683
606
316
568
302
1022
951
500
1953
1267
1015
1184
320
780
533
442
1255
701
1302
681
1148
860
967
769
1062
1115
722
584
788
1098
833
513
602
1441
1200
1119
809
663
643
312
1549
1528
506
450
1567
719
515
916
738
859
655
1085
841
695
1751
1210
908
1290
545
1265
574
407
1002
776
793
1078
542
732
825
710
1867
627
1544
845
898
608
651
1018
782
586
1338
1010
363
495
511
2201
1407
950
945
359
565
594
1735
620
437
528
1155
460
975
450
1113
600
631
533
1121
991
777
552
470
762
837
564
1145
633
764
628
525
930
1370
347
1293
655
679
1014
533
967
562
540
1387
912
413
554
1579
325
482
1121
1310
715
1144
1040
722
409
650
833
630
647
663
1468
904
332
306
611
691
1253
1437
357
880
477
1070
769
442
1200
582
343
517
550
537
300
1117
407
387
531
533
515
546
328
462
1419
840
385
465
391
720
1310
308
442
750
1125
1153
857
675
706
898
1429
936
514
835
851
815
897
918
774
1145
780
375
656
718
549
1052
590
430
547
665
548
378
608
620
410
310
792
510
867
354
364
365
1077
460
823
420
1150
509
898
923
510
600
815
372
944
460
1714
643
695
460
327
835
738
691
1047
928
495
624
750
1464
486
337
600
561
1650
549
1285
592
265
1160
703
1243
852
953
606
726
438
427
1287
426
490
825
1147
1013
444
407
509
669
408
1865
647
1293
735
340
395
1182
1625
990
559
1267
1090
739
458
440
355
574
604
1159
925
630
740
987
624
1365
1243
814
628
1465
1530
300
548
1994
607
973
359
673
402
871
541
750
564
612
803
522
626
667
531
785
373
504
306
404
758
780
1500
396
833
1297
446
742
700
663
734
805
1417
1230
1425
768
523
1018
348
1593
961
1632
880
1950
809
497
951
752
331
442
1094
525
800
793
483
758
778
1094
484
987
874
562
567
706
827
943
410
541
806
1052
1064
420
758
308
789
442
715
543
1006
417
541
1512
815
625
390
422
582
359
861
535
862
1097
752
1417
977
959
1108
760
865
565
1010
598
584
405
398
1210
1047
450
953
779
695
632
1275
1313
598
456
622
1162
610
420
438
580
1178
964
434
934
405
510
473
450
311
507
559
1123
1441
1160
1160
935
644
790
667
777
1060
773
884
1184
845
1182
691
590
1670
626
408
1168
642
1265
464
640
719
531
545
385
477
547
332
695
781
1182
953
588
1271
492
1062
480
438
561
1034
636
675
343
1129
462
315
1389
460
707
823
1027
1425
414
817
925
1350
1210
499
560
470
648
659
693
843
1342
1033
351
332
383
1176
973
1161
523
1433
1117
742
547
1032
300
717
311
675
829
1113
598
426
847
490
808
606
1085
760
600
622
699
568
485
350
723
558
600
300
592
1330
780
1161
430
391
406
967
675
975
963
1405
1053
677
1741
1101
466
514
1019
1560
1332
418
774
1260
1325
1133
1090
533
632
325
553
1445
780
645
868
623
355
714
900
1368
675
1275
742
644
1172
786
490
567
377
655
418
505
647
419
801
620
721
1243
632
555
341
1297
932
1070
738
944
478
1579
750
438
1097
316
267
543
525
490
577
537
1070
1008
348
806
1072
960
1076
943
535
673
405
1263
434
592
758
576
278
300
523
900
675
523
663
655
641
817
873
663
1125
1018
890
1278
387
432
312
655
719
440
920
553
817
268
296
723
402
675
304
545
1185
726
825
355
2015
645
1093
647
497
430
625
1575
695
344
448
663
544
813
750
562
1573
707
880
788
574
375
773
320
300
347
758
416
300
428
710
707
1938
339
1530
911
628
833
543
1200
930
395
486
435
808
961
546
694
420
422
521
1085
430
574
545
777
651
458
633
876
1085
347
552
578
497
439
981
835
705
927
770
707
1528
811
324
560
1530
734
398
594
1170
760
750
959
478
1295
423
1382
1001
742
573
481
460
327
793
618
549
793
948
410
328
665
442
527
493
343
673
478
900
700
312
430
330
363
1200
387
900
407
465
600
785
770
606
1001
1040
410
840
969
490
493
495
845
592
1060
711
673
775
675
990
799
531
1072
1307
722
663
963
1013
716
1543
568
1453
1010
395
494
880
744
557
870
677
1090
458
661
1235
710
768
710
754
1243
1261
553
1318
537
855
466
900
1140
555
405
475
322
337
1175
664
695
1038
379
655
1103
664
544
1510
391
597
1773
829
589
576
760
762
537
975
541
1068
537
420
904
794
693
718
750
1688
1176
1048
444
620
417
484
756
509
769
813
920
584
827
417
310
563
580
337
687
653
484
552
1331
428
422
758
990
1481
760
409
574
839
660
1050
400
1141
780
790
1535
405
924
260
1091
784
726
631
340
586
702
932
1018
450
656
1025
1034
502
355
691
781
498
657
938
536
608
710
545
600
815
600
338
892
652
375
758
1157
1038
529
513
1142
1107
454
1023
659
1393
750
389
1236
1117
1263
660
876
560
857
438
710
367
1334
1729
592
1230
853
1294
770
1591
687
492
1060
466
691
1105
1015
425
860
919
1640
808
876
537
1853
1599
730
800
1553
813
911
702
302
1690
738
880
915
764
821
1027
625
619
1078
908
535
566
1117
655
935
723
552
706
1042
1488
800
556
588
622
1145
1058
600
552
726
545
1196
513
675
638
667
501
1990
1745
655
665
1200
724
959
1035
903
470
454
699
450
731
399
407
525
665
460
1652
1023
430
1883
1571
837
753
1464
501
406
522
706
543
525
1050
801
1200
1729
1067
435
900
1260
952
825
702
1330
540
718
632
1740
1701
1302
1101
547
490
1137
940
734
1002
706
693
754
369
365
320
1144
945
312
888
963
1200
785
632
414
1360
612
910
565
575
1354
294
525
485
760
695
450
2372
397
552
835
1064
823
655
283
624
844
486
521
420
1030
392
831
608
828
1157
505
775
740
695
1162
817
677
784
429
975
1025
1180
663
498
852
644
663
1230
403
387
396
393
469
565
1019
1097
324
1107
975
1208
1156
827
537
572
522
600
754
1196
458
853
825
715
415
1662
438
1672
292
450
730
349
854
711
1214
847
675
2098
645
1150
750
1200
754
477
367
482
635
766
1075
596
690
777
433
423
924
446
494
369
1380
675
434
841
801
886
655
1398
734
375
1702
608
1498
734
850
373
495
1344
365
1275
572
531
639
626
418
582
450
817
750
395
1065
423
700
610
655
945
832
1312
1247
515
1240
720
458
886
833
351
774
430
1062
1040
673
1228
865
1093
278
590
311
515
965
438
430
529
677
645
718
653
1072
683
1002
847
331
855
428
762
277
513
514
508
442
874
947
758
750
319
872
635
435
873
650
545
288
294
729
1413
560
320
625
535
525
456
1397
1072
717
533
720
1275
389
772
491
809
468
552
525
1415
437
633
409
570
631
472
580
956
967
1257
284
568
890
628
969
556
2023
920
596
442
764
419
618
594
787
478
705
462
856
632
420
292
407
1299
1544
1425
675
857
1530
508
1547
787
825
409
1667
393
703
967
330
594
910
312
1133
1010
1085
1125
844
440
726
310
357
1384
582
685
543
1123
868
730
446
628
723
300
770
308
1035
375
458
990
450
857
1232
1068
586
354
419
564
1313
769
648
1259
1264
2074
874
736
533
407
533
359
730
677
825
1103
367
858
1638
723
327
533
510
793
1192
1302
545
1236
338
761
322
588
787
545
1352
678
1168
3330
1275
608
365
797
580
787
419
485
789
594
1008
525
730
391
541
1017
983
513
329
710
300
1757
446
641
1153
399
631
1121
531
691
580
1165
300
655
99415
1575
434
489
884
435
646
1227
1591
1879
1198
1517
640
602
707
1088
320
450
1115
1184
707
1617
1429
556
1417
1137
1081
985
681
810
1024
845
910
614
1094
928
817
975
417
667
590
710
1022
517
1123
983
671
489
1473
756
422
423
1373
503
497
683
720
541
1626
1508
491
544
555
910
693
1583
765
615
379
1103
1058
1891
663
365
590
1119
1063
677
914
395
573
795
802
1855
320
1425
715
545
535
1060
931
1510
874
639
683
275
1480
1054
568
979
1340
1315
585
1018
487
1374
581
630
886
1664
2546
1208
884
1215
580
450
1101
679
890
466
1595
993
391
501
1307
1706
1131
1196
412
957
1009
391
410
647
1007
951
1133
474
495
590
347
608
422
930
600
430
505
975
446
900
643
793
581
1026
1887
1366
416
1188
302
667
1704
1156
521
955
695
2064
1701
379
550
1232
514
552
1265
1425
608
541
480
412
458
853
383
1148
1267
1122
402
1062
1255
1186
675
476
489
703
473
497
748
730
590
687
922
715
865
712
395
492
2235
863
638
422
638
513
785
754
1100
1490
1204
478
1123
391
1500
1141
608
798
363
430
625
967
817
480
598
883
623
953
721
1445
385
1003
705
351
659
487
389
788
795
1155
391
432
948
1259
528
975
663
497
565
1012
817
872
1210
636
957
841
944
845
908
527
644
793
592
853
924
464
1133
716
476
387
1066
588
572
367
535
1174
822
648
431
399
720
677
876
997
500
637
541
442
1162
718
715
1733
371
906
769
746
873
990
1358
1218
1703
298
590
320
548
525
391
517
438
643
410
386
420
1092
764
920
1160
694
805
1620
850
1168
839
925
955
320
827
402
547
509
853
736
879
590
702
320
888
1101
837
983
462
692
640
612
1095
620
653
1370
782
1907
1194
1083
772
908
387
837
748
631
979
533
428
785
683
778
405
1567
691
577
845
393
910
345
975
1168
404
1429
710
902
1429
578
888
1135
450
697
754
474
300
251
611
1272
1780
856
655
1099
464
647
632
412
804
1265
608
860
1062
411
407
430
604
367
948
561
525
594
1413
1217
610
553
478
250
782
446
1066
638
448
488
1133
667
473
713
1311
1068
438
1893
781
807
1695
957
884
837
967
573
917
1431
734
1121
883
950
920
742
454
440
932
1222
2146
306
2028
505
387
1125
632
501
517
504
1099
1857
1652
547
640
535
2617
537
773
568
675
1145
663
610
466
482
1287
967
592
888
730
720
893
320
726
716
515
768
845
770
1175
335
1320
628
1620
625
730
939
1125
1291
541
406
913
790
835
494
1543
833
515
1429
1133
1279
695
963
1611
805
1113
533
474
1047
1310
1123
677
1202
565
513
428
861
1632
440
1146
930
1437
1283
1159
458
603
300
369
1297
1164
855
438
648
1133
679
553
1303
663
802
581
618
568
555
683
679
1184
1177
460
285
417
440
795
698
480
837
304
628
777
602
480
718
1090
300
312
1098
1002
306
1234
1279
1877
703
578
936
963
740
450
888
967
876
653
300
771
695
507
758
1210
995
1545
450
864
1245
399
920
785
697
377
896
300
950
568
1334
1088
440
537
1993
468
335
1307
480
1038
833
438
813
890
395
486
312
566
655
497
442
774
775
799
430
590
1492
778
752
523
839
573
272
864
730
619
573
805
813
497
549
542
659
515
862
1028
983
1133
781
513
423
405
639
852
495
746
943
679
1365
1405
602
1080
732
302
740
456
655
665
746
1188
505
2100
575
896
322
1317
742
698
1058
521
855
442
904
1056
527
525
635
855
2216
1453
1005
672
477
1608
790
359
875
955
487
1364
1942
320
351
883
553
472
314
869
373
754
377
608
320
638
750
1377
806
600
553
1247
1109
395
1190
373
582
886
948
1128
448
623
1165
766
975
361
320
675
683
823
652
1003
419
310
300
965
865
308
750
434
864
667
1054
444
833
434
314
720
1188
348
403
576
541
592
428
551
270
1741
1482
541
1729
1050
622
655
1595
706
379
1773
519
740
467
845
456
320
535
576
578
359
813
857
456
765
275
612
999
850
1036
823
926
290
360
308
935
429
2033
855
920
943
588
691
478
760
715
1117
316
610
1097
616
987
841
506
750
705
483
938
475
996
1296
580
2171
553
347
419
823
654
1060
1170
667
1139
920
701
896
484
979
728
1030
620
308
289
386
644
440
742
667
515
1425
398
423
1288
789
488
371
807
430
1247
481
1180
975
648
525
825
876
825
1532
810
927
1421
1163
752
732
574
324
581
1260
1212
857
444
752
515
345
2187
482
737
732
695
485
963
977
502
598
863
858
409
278
918
1078
827
415
829
318
257
474
886
892
318
945
427
711
878
574
302
559
1006
1010
280
612
1026
355
273
868
543
312
1044
535
817
600
673
855
418
711
803
400
810
730
731
514
715
1683
580
439
1069
1208
1050
882
623
1279
1003
541
1006
369
450
1127
588
553
572
740
1139
405
1093
359
442
600
1105
860
1121
627
355
667
945
310
714
1931
712
1189
910
521
841
592
541
325
657
1173
1690
713
406
415
592
493
983
1127
529
937
1340
1082
833
659
572
1011
440
1054
1042
640
523
694
622
351
959
919
355
308
521
542
1006
957
337
396
675
413
316
1058
1297
1115
667
829
425
515
655
438
1348
489
1577
390
1340
1413
414
460
462
1194
872
428
683
1058
527
1368
509
1956
294
947
1048
1468
308
501
513
1202
913
300
906
1500
620
940
959
422
994
505
541
1077
335
555
1111
750
501
410
910
562
375
621
533
580
870
610
690
580
408
282
616
675
835
608
472
598
417
1302
1241
1192
853
1106
687
486
298
454
558
920
440
700
447
1255
316
584
513
561
1342
1380
750
742
1070
1540
856
552
340
572
420
388
725
550
600
405
908
778
1680
452
292
400
1165
656
405
639
490
316
944
454
498
782
590
556
817
394
650
416
484
478
478
391
375
819
655
857
1170
810
628
337
833
1243
1403
513
1484
420
770
544
482
735
695
2025
975
742
