O1;ASM;;;
1538;1152;;;
2641;2892;;985,271917703055;O1
2648;1931;;846,11198156682;ASM
817;744;;;
1369;877;;;
1841;1125;;;
1082;825;;;
813;769;;;
797;631;;;
1923;1516;;;
1028;888;;;
2560;2064;;;
1058;507;;;
3750;2550;;;
1835;1145;;;
1615;1581;;;
708;655;;;
1705;1496;;;
995;886;;;
762;580;;;
1097;995;;;
1350;1222;;;
1891;1776;;;
793;533;;;
1190;914;;;
1710;1338;;;
902;582;;;
1423;1076;;;
1002;608;;;
1220;900;;;
1486;1182;;;
663;320;;;
1095;855;;;
4397;2418;;;
1756;1585;;;
667;334;;;
852;556;;;
1494;1109;;;
730;442;;;
835;640;;;
1800;1117;;;
1581;975;;;
860;596;;;
1196;865;;;
1285;1650;;;
1354;790;;;
782;647;;;
1737;835;;;
1068;720;;;
2623;1500;;;
1107;691;;;
1572;721;;;
1515;1156;;;
1504;788;;;
1352;1441;;;
2870;2108;;;
975;602;;;
1248;758;;;
1974;1548;;;
906;789;;;
2637;2807;;;
1425;1060;;;
1137;626;;;
1114;1092;;;
1514;928;;;
2453;1747;;;
2313;1427;;;
825;813;;;
1620;857;;;
659;350;;;
1050;592;;;
892;496;;;
1210;735;;;
1743;1267;;;
1753;1107;;;
896;235;;;
2134;2130;;;
1690;1138;;;
1575;1172;;;
1295;1123;;;
1346;405;;;
1670;1026;;;
1068;1194;;;
1190;517;;;
1040;543;;;
1173;658;;;
1715;917;;;
768;509;;;
2022;1117;;;
3387;1623;;;
1918;1303;;;
1752;1141;;;
1650;963;;;
1005;865;;;
1299;1215;;;
1070;484;;;
1038;675;;;
1378;817;;;
1272;598;;;
1221;960;;;
2079;967;;;
1267;973;;;
2155;1314;;;
1188;711;;;
1485;732;;;
2238;1988;;;
1560;1445;;;
1093;697;;;
1894;1421;;;
1960;1097;;;
1123;777;;;
1844;813;;;
1275;626;;;
711;419;;;
1519;1030;;;
1970;1050;;;
1060;892;;;
858;388;;;
835;525;;;
1198;795;;;
929;521;;;
1050;460;;;
1470;1263;;;
809;440;;;
2362;1441;;;
1585;965;;;
727;432;;;
845;657;;;
718;390;;;
710;488;;;
1668;1100;;;
2550;1544;;;
1381;1125;;;
845;383;;;
734;487;;;
2262;1253;;;
1172;596;;;
35171;217;;;
1320;894;;;
979;715;;;
1551;1425;;;
983;671;;;
1305;890;;;
1275;1459;;;
1056;723;;;
1106;713;;;
2081;1978;;;
1166;851;;;
1769;1237;;;
1072;1464;;;
1111;535;;;
2047;1145;;;
1681;714;;;
962;300;;;
1920;1183;;;
1271;837;;;
4636;2478;;;
1709;614;;;
1072;478;;;
2386;841;;;
1070;458;;;
1214;991;;;
1099;460;;;
3720;1558;;;
1601;790;;;
861;581;;;
2345;995;;;
3811;1869;;;
4115;1970;;;
1448;768;;;
1267;525;;;
2136;687;;;
3365;1462;;;
1332;586;;;
2921;987;;;
4590;1484;;;
1597;564;;;
1764;772;;;
2333;940;;;
2773;1500;;;
2806;939;;;
6225;1158;;;
3387;833;;;
2400;535;;;
2633;1048;;;
2739;898;;;
3936;1755;;;
3309;1294;;;
2118;657;;;
2298;1220;;;
1526;732;;;
2122;906;;;
1139;440;;;
2439;722;;;
3109;705;;;
1267;442;;;
867;422;;;
2934;789;;;
2872;862;;;
2889;827;;;
1327;653;;;
2017;535;;;
1491;497;;;
2148;925;;;
1015;537;;;
2402;880;;;
4035;1267;;;
1739;580;;;
3852;2013;;;
1200;547;;;
4520;1650;;;
1064;482;;;
1962;1012;;;
3338;910;;;
1283;410;;;
1111;415;;;
949;350;;;
2844;1145;;;
1406;829;;;
2884;1306;;;
2378;1571;;;
1206;531;;;
954;648;;;
2175;610;;;
6138;803;;;
1896;391;;;
2140;594;;;
4743;1216;;;
4863;1753;;;
1908;890;;;
5880;2007;;;
1619;561;;;
3711;1848;;;
2295;933;;;
1328;476;;;
2357;856;;;
1946;1176;;;
2250;1048;;;
1364;853;;;
658;313;;;
1843;1010;;;
1798;1062;;;
2011;1007;;;
1009;450;;;
1997;825;;;
2507;1527;;;
1350;612;;;
1382;505;;;
2524;1105;;;
2081;872;;;
1449;584;;;
2568;1144;;;
1013;533;;;
880;403;;;
967;415;;;
1289;434;;;
1712;813;;;
2098;677;;;
1729;892;;;
1727;594;;;
5388;1697;;;
1985;813;;;
1006;525;;;
1540;475;;;
2082;792;;;
1342;408;;;
3479;1409;;;
1860;543;;;
2294;693;;;
1226;345;;;
2540;798;;;
2860;877;;;
1496;678;;;
1739;644;;;
2536;1258;;;
1012;513;;;
1954;547;;;
785;517;;;
2025;1318;;;
2635;1287;;;
1464;478;;;
2868;1567;;;
2625;569;;;
3732;1066;;;
2002;450;;;
3247;1322;;;
1737;910;;;
1105;419;;;
2728;1075;;;
1261;405;;;
2727;865;;;
2948;1118;;;
3028;1006;;;
1968;991;;;
1277;375;;;
1499;533;;;
3919;1820;;;
4443;1978;;;
1557;553;;;
1980;560;;;
3454;1100;;;
2550;1077;;;
1524;671;;;
1785;560;;;
1780;731;;;
3690;1956;;;
2423;1125;;;
1798;535;;;
4487;2114;;;
5947;1665;;;
1597;581;;;
1147;535;;;
1893;846;;;
3722;1961;;;
4078;1157;;;
1713;575;;;
3470;1082;;;
2549;1038;;;
3290;1425;;;
1849;679;;;
2827;965;;;
1152;739;;;
2947;1599;;;
2422;985;;;
5311;1457;;;
1348;442;;;
1713;752;;;
3896;1394;;;
1036;423;;;
3164;1153;;;
1050;889;;;
1589;665;;;
827;450;;;
908;529;;;
3342;1125;;;
4624;1595;;;
1911;815;;;
1958;430;;;
2167;917;;;
2305;898;;;
1200;468;;;
1261;555;;;
1338;623;;;
1819;1072;;;
2884;1056;;;
4940;933;;;
2550;833;;;
2836;797;;;
2264;596;;;
4875;1335;;;
3383;2633;;;
898;474;;;
1682;406;;;
1227;618;;;
772;319;;;
874;430;;;
1518;800;;;
1462;770;;;
3018;1040;;;
2988;881;;;
922;381;;;
1125;385;;;
736;539;;;
1633;564;;;
2337;1198;;;
1398;998;;;
701;308;;;
1019;428;;;
1040;521;;;
2591;983;;;
1314;642;;;
2945;1153;;;
1737;1200;;;
2305;890;;;
1504;622;;;
1496;675;;;
1350;1085;;;
1113;332;;;
1937;685;;;
1814;683;;;
2886;758;;;
1557;580;;;
969;550;;;
1875;817;;;
1989;651;;;
4060;1058;;;
1585;699;;;
2298;892;;;
1186;328;;;
1713;549;;;
2775;880;;;
614;470;;;
2842;1135;;;
3269;1488;;;
3626;1194;;;
861;356;;;
999;515;;;
1176;434;;;
1788;673;;;
2765;1038;;;
1462;545;;;
926;360;;;
1309;450;;;
951;395;;;
932;423;;;
1208;483;;;
1587;498;;;
2986;1518;;;
2481;406;;;
2183;1127;;;
5232;1267;;;
3758;1218;;;
931;314;;;
2907;964;;;
802;355;;;
1972;887;;;
3813;1585;;;
2057;752;;;
2057;1028;;;
3314;902;;;
4336;1185;;;
2173;947;;;
2219;515;;;
2714;967;;;
934;470;;;
1076;495;;;
2094;663;;;
2386;647;;;
1611;548;;;
1640;497;;;
1174;525;;;
2422;894;;;
995;351;;;
3000;1634;;;
4200;1707;;;
1924;588;;;
2461;1295;;;
1350;508;;;
2850;809;;;
2100;386;;;
1261;664;;;
1616;448;;;
2802;1376;;;
987;329;;;
813;332;;;
4609;1814;;;
948;408;;;
896;407;;;
3843;1248;;;
1442;410;;;
2702;975;;;
2104;621;;;
1102;603;;;
876;328;;;
1575;387;;;
1492;386;;;
1912;620;;;
2702;1125;;;
3653;1415;;;
2775;1069;;;
1575;474;;;
1917;718;;;
1688;523;;;
3116;1579;;;
1469;492;;;
2427;825;;;
1559;762;;;
803;503;;;
1078;462;;;
2576;1318;;;
2327;1417;;;
1342;570;;;
1014;325;;;
4589;1169;;;
3736;1373;;;
3127;1409;;;
2035;884;;;
2418;727;;;
1936;505;;;
1072;660;;;
4263;1103;;;
1007;551;;;
1338;882;;;
2700;971;;;
1561;928;;;
724;533;;;
1252;477;;;
1152;414;;;
1892;1092;;;
726;612;;;
704;563;;;
1101;379;;;
1044;434;;;
912;454;;;
2485;1056;;;
756;385;;;
1141;420;;;
1644;1102;;;
2229;904;;;
1209;567;;;
1293;685;;;
2507;1340;;;
744;383;;;
1699;565;;;
1093;375;;;
312;282;;;
1434;464;;;
1618;884;;;
1401;683;;;
3939;1613;;;
2266;908;;;
1299;647;;;
1569;517;;;
2274;790;;;
744;324;;;
2325;885;;;
1833;694;;;
2100;853;;;
3105;795;;;
2386;840;;;
1871;628;;;
2015;556;;;
1250;460;;;
1713;793;;;
3687;1305;;;
1279;730;;;
5001;1323;;;
1194;352;;;
831;545;;;
2710;1180;;;
803;410;;;
2568;693;;;
1644;483;;;
1175;663;;;
1019;563;;;
2445;969;;;
2271;1003;;;
2444;937;;;
1613;537;;;
2100;638;;;
2425;515;;;
3028;815;;;
848;312;;;
1077;290;;;
591;268;;;
768;480;;;
2893;807;;;
1103;499;;;
3969;1539;;;
2696;908;;;
4392;1332;;;
1526;667;;;
726;409;;;
906;728;;;
651;547;;;
1143;290;;;
1249;626;;;
1743;423;;;
1936;501;;;
3117;1334;;;
3146;738;;;
1916;770;;;
2452;849;;;
1467;529;;;
1477;718;;;
797;412;;;
1656;992;;;
2889;1189;;;
764;373;;;
1173;620;;;
1585;355;;;
1478;718;;;
784;302;;;
1026;359;;;
715;385;;;
1227;716;;;
948;468;;;
3294;1800;;;
2829;1407;;;
567;276;;;
1842;813;;;
1062;331;;;
898;348;;;
1652;685;;;
1415;882;;;
1245;533;;;
1303;507;;;
2484;975;;;
2518;1133;;;
1612;686;;;
779;311;;;
2969;1735;;;
2771;758;;;
3191;983;;;
1770;1028;;;
1518;612;;;
2987;576;;;
1824;810;;;
695;442;;;
779;438;;;
1200;436;;;
3049;1107;;;
991;545;;;
3604;850;;;
1510;756;;;
1012;542;;;
831;422;;;
729;345;;;
3122;998;;;
1039;491;;;
1004;462;;;
4871;1248;;;
2100;801;;;
953;414;;;
1912;1152;;;
1697;837;;;
1119;975;;;
1162;318;;;
6630;3059;;;
3349;628;;;
1539;442;;;
923;395;;;
1821;971;;;
1241;620;;;
1414;1111;;;
1382;626;;;
1494;762;;;
1342;422;;;
1598;815;;;
768;458;;;
1650;577;;;
1863;675;;;
4802;1827;;;
3174;1387;;;
690;615;;;
912;500;;;
2248;705;;;
2972;908;;;
779;431;;;
2094;844;;;
1636;774;;;
707;331;;;
1741;560;;;
1982;1188;;;
915;620;;;
1108;648;;;
2310;760;;;
573;386;;;
2542;1392;;;
704;308;;;
1305;836;;;
1385;928;;;
797;475;;;
1403;626;;;
651;318;;;
1189;983;;;
1293;1143;;;
1190;697;;;
639;300;;;
1766;920;;;
657;423;;;
551;345;;;
1778;872;;;
2718;1140;;;
3637;1368;;;
1567;1042;;;
1413;776;;;
554;320;;;
1640;1157;;;
1737;1090;;;
774;578;;;
699;404;;;
1413;872;;;
1164;710;;;
2094;1385;;;
1695;715;;;
711;418;;;
1850;705;;;
2412;995;;;
845;438;;;
1200;596;;;
1587;908;;;
1346;699;;;
1372;667;;;
1317;723;;;
1062;772;;;
1111;557;;;
1731;967;;;
1461;924;;;
529;304;;;
1320;912;;;
928;675;;;
650;474;;;
357;298;;;
1899;1291;;;
861;575;;;
1902;1360;;;
1581;655;;;
1622;975;;;
1257;1048;;;
814;862;;;
2544;2145;;;
1188;817;;;
1170;519;;;
1083;865;;;
1332;570;;;
2444;1611;;;
1533;1240;;;
900;713;;;
1608;1080;;;
882;1255;;;
1632;1101;;;
1810;1422;;;
2151;1557;;;
1171;920;;;
756;736;;;
943;608;;;
1904;1427;;;
768;458;;;
1431;827;;;
348;340;;;
407;507;;;
997;489;;;
1202;916;;;
1748;975;;;
1115;600;;;
1062;1012;;;
622;375;;;
732;645;;;
813;959;;;
699;392;;;
529;515;;;
371;328;;;
1370;1727;;;
436;468;;;
1316;900;;;
912;715;;;
910;908;;;
1569;1210;;;
920;712;;;
3002;2175;;;
393;468;;;
1964;1153;;;
1182;1005;;;
1521;1595;;;
711;698;;;
450;864;;;
1480;977;;;
1828;1559;;;
521;488;;;
401;373;;;
945;967;;;
1036;519;;;
367;418;;;
1890;1852;;;
738;695;;;
428;650;;;
2007;1642;;;
2288;1512;;;
1625;1231;;;
878;807;;;
729;882;;;
1778;1322;;;
511;758;;;
1206;950;;;
1250;1046;;;
1257;521;;;
965;975;;;
971;967;;;
2385;2483;;;
870;521;;;
2286;1490;;;
1064;1229;;;
685;478;;;
1239;1350;;;
677;924;;;
823;831;;;
2602;1989;;;
478;505;;;
971;768;;;
1137;1385;;;
912;926;;;
1786;1212;;;
951;1190;;;
513;565;;;
1465;1106;;;
746;1056;;;
1857;1690;;;
343;367;;;
608;490;;;
1879;2700;;;
841;825;;;
1407;1155;;;
836;855;;;
1330;1350;;;
2809;2082;;;
771;602;;;
1419;1014;;;
377;525;;;
1697;918;;;
1117;1002;;;
1316;1113;;;
2118;1737;;;
440;660;;;
343;754;;;
1614;2045;;;
1694;2100;;;
1384;1305;;;
496;608;;;
567;687;;;
1206;1524;;;
367;652;;;
276;541;;;
1502;1755;;;
1243;1656;;;
596;805;;;
679;1232;;;
886;1299;;;
521;663;;;
1375;2290;;;
582;619;;;
1230;1220;;;
942;1208;;;
700;770;;;
590;679;;;
712;835;;;
699;644;;;
854;594;;;
1023;1027;;;
492;938;;;
1106;1607;;;
588;1245;;;
498;669;;;
772;825;;;
1600;1587;;;
1508;1365;;;
620;560;;;
2368;2690;;;
663;846;;;
505;932;;;
542;717;;;
1380;948;;;
440;385;;;
916;1251;;;
1297;1625;;;
608;543;;;
823;965;;;
709;1286;;;
2108;2737;;;
290;493;;;
1375;1697;;;
955;1358;;;
1198;1007;;;
1316;1680;;;
1011;1232;;;
748;1181;;;
1251;1443;;;
632;760;;;
594;1405;;;
894;1176;;;
892;1228;;;
922;1820;;;
359;789;;;
1425;2645;;;
875;1164;;;
697;808;;;
2342;2556;;;
1356;1444;;;
440;709;;;
1178;1476;;;
1330;2486;;;
952;843;;;
1125;1338;;;
1484;1443;;;
1614;2120;;;
764;786;;;
1074;1579;;;
1601;2102;;;
616;795;;;
2232;1942;;;
900;910;;;
774;920;;;
381;750;;;
468;655;;;
831;870;;;
1822;1790;;;
1009;1415;;;
1408;1296;;;
306;608;;;
612;789;;;
1441;1812;;;
1090;1273;;;
969;1348;;;
1287;1757;;;
841;1153;;;
1382;1782;;;
776;991;;;
399;835;;;
1259;1547;;;
1555;1417;;;
433;726;;;
334;533;;;
1235;1060;;;
1015;1510;;;
529;847;;;
981;964;;;
622;766;;;
2074;2298;;;
819;1050;;;
300;541;;;
775;817;;;
991;1314;;;
1226;1152;;;
602;711;;;
825;1267;;;
1109;1565;;;
440;766;;;
549;860;;;
952;1166;;;
1016;1386;;;
547;663;;;
932;1301;;;
1210;778;;;
621;1010;;;
279;360;;;
284;425;;;
487;593;;;
1334;1246;;;
323;610;;;
525;849;;;
865;1102;;;
739;845;;;
661;841;;;
1731;1898;;;
866;1186;;;
328;460;;;
3030;2522;;;
2295;2400;;;
1221;1327;;;
1240;1145;;;
1226;1070;;;
1301;1867;;;
1046;1050;;;
264;406;;;
1169;1395;;;
323;665;;;
616;940;;;
575;667;;;
341;556;;;
1101;2056;;;
602;967;;;
1009;939;;;
388;529;;;
614;983;;;
481;902;;;
397;545;;;
270;525;;;
847;1396;;;
734;765;;;
537;1287;;;
1332;1654;;;
766;567;;;
308;627;;;
592;760;;;
679;819;;;
847;995;;;
637;1417;;;
890;1658;;;
306;580;;;
867;2218;;;
286;573;;;
1380;1535;;;
456;485;;;
647;1011;;;
286;541;;;
1263;833;;;
708;786;;;
750;1182;;;
1056;1226;;;
375;312;;;
928;1303;;;
1412;1488;;;
373;847;;;
1009;1362;;;
679;945;;;
1000;1081;;;
908;1350;;;
1063;1397;;;
235;655;;;
1198;1360;;;
292;565;;;
426;961;;;
261;545;;;
805;868;;;
733;618;;;
504;781;;;
1271;1671;;;
620;583;;;
475;533;;;
724;1101;;;
1401;1436;;;
631;948;;;
1099;1411;;;
785;952;;;
951;1206;;;
973;896;;;
1463;1070;;;
470;675;;;
679;654;;;
1348;1287;;;
883;888;;;
1358;1260;;;
382;564;;;
1113;1157;;;
1017;983;;;
649;780;;;
300;561;;;
740;442;;;
2558;1938;;;
294;316;;;
1250;1131;;;
477;572;;;
1101;875;;;
642;1050;;;
293;304;;;
754;1062;;;
300;280;;;
663;852;;;
1133;781;;;
440;515;;;
399;655;;;
1560;1074;;;
1125;1322;;;
1384;1687;;;
681;675;;;
1585;2345;;;
766;734;;;
547;590;;;
493;580;;;
478;432;;;
553;471;;;
422;355;;;
2200;1190;;;
1175;509;;;
1395;1575;;;
864;1123;;;
475;868;;;
707;442;;;
553;538;;;
860;1093;;;
776;803;;;
740;847;;;
570;692;;;
971;1265;;;
1171;1143;;;
845;1027;;;
379;425;;;
499;450;;;
1780;1631;;;
878;659;;;
1950;1701;;;
1249;910;;;
468;525;;;
1725;839;;;
808;612;;;
1504;1354;;;
1520;774;;;
798;573;;;
1439;1188;;;
1435;604;;;
625;624;;;
909;687;;;
1708;1508;;;
1038;1129;;;
3162;2090;;;
535;413;;;
1157;1000;;;
868;627;;;
1271;1437;;;
1954;1452;;;
1750;1808;;;
1137;1007;;;
736;651;;;
494;422;;;
278;345;;;
1204;774;;;
1575;910;;;
1189;1216;;;
792;588;;;
2082;894;;;
1650;1322;;;
1839;1977;;;
687;414;;;
2140;1615;;;
2844;560;;;
1717;815;;;
2641;1005;;;
1626;932;;;
1117;493;;;
1388;1335;;;
1763;971;;;
1254;622;;;
2019;1009;;;
1766;875;;;
1031;574;;;
579;529;;;
1618;1149;;;
683;477;;;
851;590;;;
1626;1014;;;
918;908;;;
951;660;;;
1861;1018;;;
2381;1583;;;
1397;983;;;
2833;1004;;;
4086;1340;;;
1317;855;;;
1749;578;;;
942;1125;;;
914;495;;;
2905;1145;;;
1785;975;;;
1097;1125;;;
1050;990;;;
1441;705;;;
1911;528;;;
2023;1307;;;
1638;1439;;;
750;814;;;
1824;1170;;;
282;333;;;
592;697;;;
1036;414;;;
1009;1103;;;
1109;780;;;
578;648;;;
973;525;;;
2116;748;;;
802;795;;;
1089;624;;;
1277;841;;;
1451;959;;;
2998;1512;;;
3185;1958;;;
993;1482;;;
987;644;;;
924;640;;;
941;715;;;
675;677;;;
1174;563;;;
1076;817;;;
1246;458;;;
1010;518;;;
387;314;;;
1463;1292;;;
1237;1145;;;
539;292;;;
709;578;;;
651;667;;;
1336;944;;;
1080;631;;;
1459;1350;;;
1790;1405;;;
867;496;;;
780;675;;;
2661;1457;;;
1301;955;;;
946;407;;;
791;436;;;
2256;1607;;;
797;699;;;
1048;555;;;
1062;529;;;
1512;1103;;;
496;272;;;
1697;1660;;;
1257;979;;;
1184;892;;;
322;359;;;
651;515;;;
1111;762;;;
399;367;;;
1417;856;;;
1421;775;;;
697;389;;;
416;350;;;
2293;1028;;;
1545;1072;;;
951;781;;;
830;555;;;
987;623;;;
1676;732;;;
987;872;;;
2439;940;;;
898;616;;;
708;750;;;
1094;715;;;
1330;748;;;
1449;1013;;;
762;865;;;
1014;754;;;
1083;517;;;
1776;1133;;;
1881;1325;;;
922;603;;;
1688;806;;;
2804;1165;;;
1936;845;;;
924;768;;;
798;600;;;
1938;1563;;;
2617;1626;;;
2106;1170;;;
1318;1003;;;
1218;777;;;
758;450;;;
1296;617;;;
1040;860;;;
1459;837;;;
768;505;;;
592;316;;;
1125;643;;;
1895;652;;;
1243;955;;;
1409;576;;;
1745;673;;;
1224;510;;;
2357;1395;;;
418;385;;;
2184;1169;;;
1591;1175;;;
1776;1133;;;
1905;975;;;
916;507;;;
1664;845;;;
1027;412;;;
1550;1172;;;
1091;360;;;
1042;831;;;
1034;527;;;
776;300;;;
2207;2002;;;
1291;888;;;
979;464;;;
708;576;;;
513;289;;;
2070;446;;;
2338;942;;;
971;328;;;
2493;1240;;;
1806;849;;;
1214;860;;;
1286;300;;;
1762;614;;;
692;377;;;
1745;813;;;
1135;675;;;
771;433;;;
1429;1211;;;
2517;1226;;;
2286;1215;;;
1299;752;;;
1914;1287;;;
740;363;;;
511;547;;;
1626;1202;;;
961;713;;;
553;470;;;
1244;606;;;
927;452;;;
1263;458;;;
2516;1194;;;
580;320;;;
1297;525;;;
774;350;;;
1667;853;;;
1125;506;;;
888;310;;;
2205;616;;;
890;442;;;
4820;855;;;
964;277;;;
1061;333;;;
501;423;;;
1727;809;;;
1852;566;;;
379;294;;;
4382;631;;;
2753;692;;;
2448;825;;;
1303;302;;;
1003;636;;;
1506;332;;;
1202;359;;;
619;513;;;
2404;910;;;
3116;1291;;;
3057;1642;;;
2063;474;;;
3861;722;;;
1812;412;;;
713;501;;;
1346;565;;;
924;315;;;
876;555;;;
1542;585;;;
4004;2140;;;
1652;685;;;
4362;1483;;;
3474;497;;;
4004;1372;;;
1982;725;;;
930;412;;;
2364;853;;;
2065;556;;;
1107;611;;;
1161;740;;;
1790;847;;;
709;292;;;
1630;908;;;
2424;902;;;
1575;1097;;;
4862;983;;;
2230;880;;;
829;517;;;
1508;793;;;
1644;1082;;;
2092;1152;;;
939;963;;;
1804;787;;;
941;473;;;
1155;758;;;
3546;2177;;;
1014;786;;;
2469;1279;;;
1488;964;;;
1050;948;;;
1696;1100;;;
878;679;;;
1062;485;;;
1425;827;;;
813;442;;;
908;639;;;
1916;683;;;
926;470;;;
1600;927;;;
1202;377;;;
700;695;;;
570;594;;;
1065;997;;;
1129;785;;;
829;304;;;
3252;1879;;;
1162;685;;;
1338;766;;;
1174;746;;;
831;586;;;
2825;1473;;;
1411;393;;;
1313;343;;;
5061;1145;;;
1040;675;;;
930;477;;;
859;553;;;
1062;612;;;
521;390;;;
915;585;;;
1135;495;;;
1088;389;;;
1710;592;;;
2619;614;;;
1301;1326;;;
1155;478;;;
1691;667;;;
1176;624;;;
1456;774;;;
1601;602;;;
2984;1912;;;
1079;655;;;
1370;1090;;;
1338;774;;;
554;407;;;
1062;985;;;
726;515;;;
2695;912;;;
938;774;;;
624;517;;;
1585;1208;;;
709;523;;;
698;564;;;
2799;1093;;;
1060;785;;;
1629;910;;;
550;340;;;
967;815;;;
931;714;;;
1290;617;;;
1938;815;;;
1249;858;;;
1758;959;;;
1841;1050;;;
1913;686;;;
1385;1478;;;
2171;945;;;
1177;658;;;
568;472;;;
1862;1452;;;
1883;955;;;
984;602;;;
582;550;;;
598;507;;;
683;760;;;
2068;758;;;
1488;1474;;;
689;606;;;
1360;537;;;
1030;730;;;
1295;1068;;;
1058;744;;;
1528;880;;;
1441;868;;;
655;407;;;
1769;778;;;
993;837;;;
1329;1277;;;
738;665;;;
466;312;;;
2400;1110;;;
797;568;;;
914;581;;;
1003;882;;;
1003;793;;;
586;442;;;
1206;730;;;
811;371;;;
852;513;;;
1097;797;;;
1022;715;;;
1457;1060;;;
1984;1364;;;
1553;872;;;
1843;1156;;;
1326;598;;;
888;525;;;
1234;563;;;
1551;547;;;
1046;442;;;
917;707;;;
1283;840;;;
1804;1115;;;
596;450;;;
1717;719;;;
1125;938;;;
628;521;;;
1415;545;;;
1454;1372;;;
667;406;;;
1255;521;;;
610;465;;;
1688;1287;;;
732;460;;;
1204;742;;;
1839;1285;;;
1253;951;;;
985;647;;;
1057;470;;;
623;602;;;
520;505;;;
1692;831;;;
685;625;;;
914;448;;;
1267;521;;;
1435;1335;;;
1184;385;;;
4776;2763;;;
1496;927;;;
1610;876;;;
497;266;;;
581;365;;;
483;383;;;
1479;870;;;
1331;1153;;;
1024;835;;;
517;575;;;
2497;1686;;;
1974;699;;;
1285;548;;;
1842;1011;;;
1482;683;;;
1538;1060;;;
2209;1693;;;
630;394;;;
2517;1494;;;
707;547;;;
1595;838;;;
1192;630;;;
922;572;;;
753;478;;;
1608;685;;;
1738;1110;;;
529;492;;;
2139;1303;;;
1498;900;;;
1052;450;;;
1285;916;;;
1767;940;;;
1023;665;;;
403;290;;;
687;432;;;
2150;1006;;;
1297;594;;;
1153;648;;;
757;304;;;
3628;2090;;;
841;600;;;
727;875;;;
1393;1090;;;
1571;1169;;;
1265;870;;;
894;902;;;
463;418;;;
1685;965;;;
2596;1208;;;
2065;847;;;
2513;1147;;;
812;562;;;
767;509;;;
1393;434;;;
1587;1295;;;
1308;675;;;
1441;535;;;
2812;1212;;;
1753;1152;;;
861;338;;;
1027;377;;;
2426;1626;;;
1220;507;;;
608;513;;;
1153;606;;;
754;397;;;
1185;663;;;
2299;884;;;
2337;1056;;;
664;420;;;
637;415;;;
1295;639;;;
1243;618;;;
1940;815;;;
981;726;;;
1239;926;;;
1905;766;;;
617;296;;;
1960;2227;;;
1675;1181;;;
2998;2100;;;
645;565;;;
894;424;;;
608;413;;;
1675;1417;;;
713;484;;;
1814;1263;;;
1085;690;;;
710;602;;;
1172;833;;;
594;572;;;
843;825;;;
1098;841;;;
779;367;;;
1496;517;;;
333;312;;;
1338;677;;;
1007;430;;;
1247;403;;;
639;357;;;
1585;963;;;
555;461;;;
1022;517;;;
1157;778;;;
519;531;;;
1932;900;;;
1056;728;;;
485;551;;;
825;513;;;
2396;1318;;;
967;343;;;
437;296;;;
913;653;;;
1112;797;;;
1088;403;;;
975;327;;;
3056;1240;;;
1178;509;;;
1194;758;;;
2278;1061;;;
695;310;;;
920;497;;;
887;730;;;
1621;683;;;
1609;781;;;
616;495;;;
1719;521;;;
578;367;;;
772;342;;;
1614;785;;;
1491;635;;;
511;296;;;
543;625;;;
1196;403;;;
1680;572;;;
681;434;;;
2644;1843;;;
2426;1211;;;
709;400;;;
1064;718;;;
2578;1362;;;
1336;900;;;
946;411;;;
1413;803;;;
1474;1405;;;
565;456;;;
1443;578;;;
1046;468;;;
1091;488;;;
949;517;;;
1632;782;;;
612;296;;;
284;343;;;
829;677;;;
1158;506;;;
1352;535;;;
1822;882;;;
638;290;;;
2643;1168;;;
906;375;;;
1581;868;;;
1300;699;;;
1032;783;;;
1208;888;;;
1541;1298;;;
1048;556;;;
632;558;;;
1745;868;;;
412;324;;;
2183;1640;;;
685;536;;;
2443;1490;;;
1176;493;;;
2694;2051;;;
1068;480;;;
1695;1097;;;
1387;772;;;
636;632;;;
1145;397;;;
506;505;;;
456;316;;;
1691;1224;;;
959;497;;;
1995;841;;;
752;485;;;
681;393;;;
1281;657;;;
879;375;;;
1194;357;;;
2183;685;;;
1378;1095;;;
662;284;;;
809;600;;;
1483;843;;;
2353;1865;;;
1926;1335;;;
1950;902;;;
1099;758;;;
2321;1374;;;
1456;1065;;;
705;614;;;
1650;1034;;;
1176;872;;;
934;631;;;
2943;1713;;;
971;466;;;
1841;1346;;;
600;577;;;
395;360;;;
1765;1770;;;
510;521;;;
744;572;;;
321;466;;;
545;537;;;
688;523;;;
906;697;;;
715;720;;;
1155;339;;;
740;712;;;
509;456;;;
866;631;;;
1443;953;;;
864;606;;;
1867;1463;;;
910;525;;;
367;586;;;
1529;1421;;;
2154;703;;;
1390;1222;;;
1088;762;;;
1766;2098;;;
584;360;;;
568;648;;;
1782;1237;;;
2627;1409;;;
1295;742;;;
1224;951;;;
910;553;;;
1115;956;;;
837;462;;;
949;560;;;
1800;1729;;;
479;797;;;
1633;1374;;;
898;631;;;
501;507;;;
559;758;;;
1779;981;;;
3192;1232;;;
1386;833;;;
705;642;;;
1616;1061;;;
1107;656;;;
1079;685;;;
803;732;;;
835;448;;;
1084;841;;;
853;938;;;
598;657;;;
735;508;;;
643;602;;;
807;493;;;
2341;1295;;;
858;507;;;
768;474;;;
1718;1017;;;
1602;777;;;
1356;619;;;
953;746;;;
1761;979;;;
472;509;;;
1230;809;;;
322;276;;;
756;612;;;
892;527;;;
565;578;;;
948;480;;;
1181;1212;;;
761;936;;;
565;642;;;
2009;1332;;;
843;600;;;
357;285;;;
503;418;;;
2086;1263;;;
981;483;;;
620;432;;;
682;778;;;
568;588;;;
555;379;;;
810;537;;;
1713;1810;;;
466;330;;;
467;316;;;
2595;1358;;;
466;549;;;
602;573;;;
1981;1421;;;
1454;1468;;;
1433;1225;;;
416;465;;;
669;398;;;
1056;973;;;
967;1222;;;
434;490;;;
991;1325;;;
999;983;;;
473;527;;;
721;577;;;
430;485;;;
955;888;;;
644;330;;;
1610;1190;;;
596;586;;;
1228;1131;;;
760;539;;;
882;647;;;
276;347;;;
1173;1346;;;
1008;588;;;
806;461;;;
955;387;;;
442;341;;;
1084;576;;;
464;472;;;
531;888;;;
1113;573;;;
223;458;;;
846;630;;;
1348;965;;;
415;400;;;
2151;1482;;;
539;582;;;
1457;938;;;
790;851;;;
485;316;;;
493;339;;;
2232;1283;;;
626;438;;;
2047;1932;;;
971;847;;;
300;332;;;
848;665;;;
186;298;;;
425;314;;;
551;630;;;
1477;1571;;;
1127;937;;;
1800;1067;;;
689;869;;;
1583;533;;;
1239;845;;;
698;359;;;
316;399;;;
1224;1074;;;
168;280;;;
1198;1153;;;
505;304;;;
537;590;;;
1006;48413;;;
553;855;;;
209;788;;;
1630;1913;;;
1877;1974;;;
1127;1489;;;
2279;3535;;;
1283;628;;;
880;955;;;
1632;685;;;
1642;1228;;;
803;469;;;
640;503;;;
573;708;;;
175;541;;;
851;864;;;
466;782;;;
632;847;;;
991;815;;;
1640;1200;;;
989;1332;;;
393;800;;;
493;359;;;
1735;1915;;;
838;837;;;
2058;1492;;;
852;533;;;
848;687;;;
756;1050;;;
953;632;;;
487;527;;;
1719;1800;;;
1188;1168;;;
878;951;;;
527;815;;;
322;573;;;
2025;1911;;;
201;397;;;
894;908;;;
495;552;;;
2497;2364;;;
1178;734;;;
854;1107;;;
1413;1165;;;
1107;1259;;;
2047;1287;;;
1354;1129;;;
791;665;;;
490;784;;;
578;496;;;
581;936;;;
1346;1628;;;
1727;2603;;;
1104;1012;;;
3308;2258;;;
1005;1305;;;
458;503;;;
848;1077;;;
1091;572;;;
1571;1528;;;
1186;1273;;;
494;795;;;
850;944;;;
580;754;;;
1098;1096;;;
1127;991;;;
496;671;;;
936;1098;;;
450;965;;;
479;795;;;
432;655;;;
494;594;;;
669;1603;;;
1240;1320;;;
892;1087;;;
1677;2055;;;
2378;2236;;;
568;633;;;
365;467;;;
582;623;;;
831;1145;;;
711;535;;;
1213;1151;;;
815;1046;;;
1571;2962;;;
547;900;;;
452;544;;;
618;839;;;
606;715;;;
1300;1275;;;
168;335;;;
1721;1715;;;
517;825;;;
298;405;;;
888;667;;;
1182;1360;;;
1218;1907;;;
981;652;;;
456;598;;;
3274;3140;;;
663;795;;;
1623;1774;;;
780;1289;;;
716;888;;;
1097;1497;;;
758;1173;;;
476;410;;;
2141;2297;;;
992;804;;;
383;509;;;
1170;750;;;
1687;1510;;;
791;793;;;
478;769;;;
1599;1556;;;
588;927;;;
1079;1153;;;
479;465;;;
316;664;;;
474;852;;;
1036;1160;;;
977;817;;;
292;308;;;
701;643;;;
420;430;;;
924;712;;;
1026;845;;;
1076;1125;;;
852;1163;;;
839;1100;;;
1824;2195;;;
322;460;;;
786;833;;;
2266;2384;;;
1350;1395;;;
1959;1072;;;
483;942;;;
1129;1444;;;
1200;1208;;;
186;335;;;
1602;1058;;;
1881;1137;;;
1980;2088;;;
1522;1654;;;
1745;2005;;;
1241;1247;;;
626;863;;;
929;723;;;
787;890;;;
468;325;;;
774;738;;;
1074;1048;;;
561;673;;;
634;590;;;
804;837;;;
1171;1212;;;
797;638;;;
442;544;;;
914;353;;;
2454;1129;;;
2787;1875;;;
361;521;;;
726;576;;;
2398;1969;;;
736;675;;;
702;1123;;;
1340;1252;;;
756;1297;;;
282;359;;;
624;468;;;
1143;1540;;;
679;827;;;
1121;1157;;;
571;600;;;
1242;955;;;
2106;2120;;;
1156;924;;;
369;840;;;
767;960;;;
1847;1567;;;
892;608;;;
689;875;;;
1322;1038;;;
655;565;;;
1196;1231;;;
688;627;;;
1194;865;;;
1599;1503;;;
596;452;;;
1212;1348;;;
849;888;;;
1741;1245;;;
939;1007;;;
1076;1698;;;
1822;1920;;;
673;726;;;
1020;1100;;;
3158;2532;;;
773;925;;;
694;750;;;
1512;1125;;;
1323;1143;;;
1430;1540;;;
2671;1962;;;
1080;1292;;;
1172;1248;;;
1366;845;;;
840;1080;;;
1340;1350;;;
476;525;;;
543;697;;;
1152;1358;;;
2487;2132;;;
937;1200;;;
1719;1598;;;
644;853;;;
343;470;;;
641;1200;;;
1893;1798;;;
608;841;;;
811;1001;;;
636;809;;;
786;790;;;
2501;2116;;;
874;975;;;
1558;1731;;;
478;888;;;
624;435;;;
1624;1184;;;
1660;2123;;;
296;487;;;
489;385;;;
1230;1283;;;
416;361;;;
1893;1760;;;
2007;1490;;;
1405;1281;;;
435;632;;;
661;768;;;
531;756;;;
800;1022;;;
754;813;;;
979;773;;;
1105;1044;;;
902;1386;;;
725;1565;;;
874;875;;;
737;874;;;
710;750;;;
823;1007;;;
685;866;;;
495;578;;;
1009;1062;;;
166;302;;;
316;434;;;
437;365;;;
551;450;;;
464;701;;;
505;647;;;
337;435;;;
1686;1441;;;
1525;1293;;;
1086;1407;;;
547;1066;;;
770;870;;;
845;1190;;;
673;608;;;
1918;1879;;;
832;1072;;;
1187;1052;;;
711;1171;;;
594;667;;;
1265;1293;;;
823;965;;;
1983;1388;;;
798;1247;;;
1234;1360;;;
861;1007;;;
622;629;;;
598;823;;;
845;695;;;
2351;2122;;;
334;618;;;
1120;983;;;
2728;2839;;;
474;584;;;
479;514;;;
935;981;;;
825;1085;;;
892;754;;;
957;817;;;
518;728;;;
339;468;;;
833;730;;;
994;1125;;;
1258;1360;;;
1391;1228;;;
478;782;;;
2586;1725;;;
645;553;;;
1899;1232;;;
860;884;;;
1312;1475;;;
1120;1211;;;
3140;2448;;;
977;868;;;
521;448;;;
871;1251;;;
941;710;;;
513;610;;;
1184;1850;;;
612;730;;;
2702;1660;;;
2248;1399;;;
1091;1500;;;
1382;1188;;;
381;420;;;
904;977;;;
595;740;;;
1105;687;;;
1818;1756;;;
699;807;;;
2181;1719;;;
1321;1373;;;
766;695;;;
1105;1502;;;
517;541;;;
336;521;;;
2516;2035;;;
1662;945;;;
3247;2998;;;
1138;722;;;
675;415;;;
785;750;;;
2605;1769;;;
973;860;;;
1812;1325;;;
484;529;;;
731;552;;;
617;685;;;
567;606;;;
1835;1479;;;
1473;1103;;;
2098;1470;;;
523;777;;;
482;575;;;
1212;955;;;
1611;1311;;;
1782;1994;;;
1064;785;;;
645;952;;;
515;661;;;
785;828;;;
761;842;;;
1113;944;;;
534;671;;;
914;1050;;;
1371;1261;;;
1710;1765;;;
467;556;;;
1097;1468;;;
1341;1180;;;
916;1002;;;
1318;1176;;;
961;1068;;;
614;890;;;
1044;715;;;
1033;1255;;;
643;641;;;
1242;1306;;;
1883;2307;;;
511;793;;;
1463;1708;;;
1192;1064;;;
825;738;;;
756;960;;;
468;636;;;
809;927;;;
1109;1389;;;
911;852;;;
1145;841;;;
898;1184;;;
809;985;;;
2053;1389;;;
888;1013;;;
847;1165;;;
975;1153;;;
517;728;;;
1410;1564;;;
681;625;;;
1358;1619;;;
600;672;;;
2392;1478;;;
1988;1415;;;
1936;1451;;;
677;1006;;;
1111;1370;;;
1132;1164;;;
692;835;;;
942;1060;;;
367;612;;;
1963;1969;;;
1061;1250;;;
767;821;;;
387;590;;;
986;1058;;;
460;594;;;
1683;1265;;;
486;2084;;;
1200;Nope!;;;
508;1010;;;
1587;450;;;
1899;1606;;;
635;1997;;;
1390;817;;;
1800;1600;;;
719;1125;;;
947;920;;;
1242;941;;;
1609;1283;;;
651;1220;;;
482;790;;;
1591;485;;;
690;1334;;;
1002;746;;;
344;1007;;;
1443;773;;;
684;1275;;;
1845;581;;;
1773;1660;;;
764;1617;;;
3095;793;;;
1208;1628;;;
1237;718;;;
832;805;;;
2298;1002;;;
807;2151;;;
497;861;;;
1345;692;;;
483;1323;;;
539;614;;;
967;343;;;
720;1111;;;
1317;896;;;
1026;885;;;
961;1114;;;
475;1109;;;
910;610;;;
485;1002;;;
673;511;;;
975;665;;;
2076;959;;;
616;2116;;;
1415;817;;;
1433;1676;;;
752;1290;;;
686;580;;;
1427;667;;;
1212;1644;;;
509;1382;;;
941;710;;;
638;1070;;;
2900;444;;;
973;2625;;;
1833;898;;;
1719;947;;;
1287;1137;;;
1320;1006;;;
1279;810;;;
495;1251;;;
1800;562;;;
653;1133;;;
1202;541;;;
1139;333;;;
1639;900;;;
1259;2641;;;
705;1366;;;
1039;708;;;
503;847;;;
2124;415;;;
566;1634;;;
1015;399;;;
932;1011;;;
1733;568;;;
1622;1050;;;
768;1520;;;
1838;971;;;
1113;1942;;;
472;1010;;;
2170;383;;;
953;1918;;;
1081;1105;;;
736;882;;;
1143;849;;;
1025;876;;;
653;987;;;
188;484;;;
1350;313;;;
838;1121;;;
577;817;;;
651;815;;;
1794;610;;;
1064;2590;;;
2190;773;;;
917;1429;;;
1965;979;;;
955;1200;;;
1733;572;;;
1344;1575;;;
182;929;;;
746;266;;;
932;616;;;
1081;959;;;
555;1135;;;
485;544;;;
1401;549;;;
934;1198;;;
1549;584;;;
1938;837;;;
765;1520;;;
904;655;;;
3174;995;;;
2727;1010;;;
874;1358;;;
2063;888;;;
2643;1415;;;
308;1630;;;
959;324;;;
1198;926;;;
1072;977;;;
416;873;;;
644;768;;;
650;710;;;
441;647;;;
576;403;;;
951;485;;;
1168;705;;;
1314;580;;;
1394;965;;;
2083;1159;;;
725;1524;;;
1128;571;;;
1577;914;;;
1873;1070;;;
731;1245;;;
414;581;;;
629;712;;;
695;458;;;
490;590;;;
1078;Nope!;;;
436;426;;;
596;1228;;;
1413;450;;;
1350;442;;;
1521;1739;;;
1543;1226;;;
748;1670;;;
627;1378;;;
410;561;;;
1994;544;;;
1839;387;;;
2254;1435;;;
1166;2055;;;
1273;1139;;;
1750;719;;;
847;789;;;
1988;1038;;;
2379;961;;;
1587;1770;;;
863;2260;;;
450;1020;;;
3063;560;;;
1082;505;;;
1117;1358;;;
1423;1234;;;
1547;825;;;
458;1415;;;
1230;1050;;;
1099;387;;;
1165;1302;;;
768;1075;;;
813;1551;;;
1350;545;;;
965;728;;;
716;687;;;
1839;584;;;
977;332;;;
1895;847;;;
778;521;;;
1661;1524;;;
622;853;;;
337;810;;;
186;586;;;
1192;454;;;
1332;364;;;
496;1102;;;
1115;1135;;;
2067;387;;;
633;543;;;
855;1255;;;
977;531;;;
647;995;;;
1731;608;;;
1242;620;;;
817;916;;;
921;764;;;
1010;616;;;
1066;726;;;
1202;965;;;
934;1025;;;
961;979;;;
612;1422;;;
523;1121;;;
746;408;;;
1654;472;;;
1137;663;;;
618;800;;;
1364;843;;;
442;353;;;
1230;890;;;
567;475;;;
957;735;;;
609;438;;;
1072;844;;;
460;888;;;
1093;902;;;
916;458;;;
416;657;;;
1601;489;;;
1085;386;;;
1036;1654;;;
1549;1005;;;
1068;1048;;;
1693;1122;;;
466;671;;;
659;1283;;;
456;480;;;
624;405;;;
1418;436;;;
1273;576;;;
770;924;;;
1228;825;;;
864;645;;;
555;1245;;;
489;687;;;
1073;415;;;
1575;411;;;
456;1415;;;
1338;1090;;;
2200;549;;;
679;1030;;;
1218;1498;;;
197;472;;;
2011;1006;;;
219;310;;;
705;1141;;;
1085;355;;;
1013;482;;;
1689;924;;;
1382;825;;;
855;1737;;;
550;2023;;;
1255;858;;;
864;560;;;
1062;912;;;
199;385;;;
1356;529;;;
1131;310;;;
484;931;;;
855;636;;;
1218;371;;;
658;967;;;
3612;1192;;;
1907;493;;;
483;2345;;;
1034;1705;;;
322;350;;;
1934;762;;;
409;515;;;
1674;1548;;;
886;686;;;
349;963;;;
399;656;;;
1020;450;;;
1328;505;;;
1806;560;;;
1123;720;;;
989;1323;;;
488;1066;;;
1500;608;;;
1127;312;;;
1681;790;;;
774;940;;;
1463;1077;;;
863;450;;;
1068;828;;;
707;465;;;
1334;798;;;
855;517;;;
1174;837;;;
653;460;;;
2492;875;;;
642;615;;;
1526;1381;;;
807;584;;;
577;1291;;;
501;600;;;
2029;477;;;
1810;312;;;
977;2254;;;
1445;1792;;;
371;714;;;
823;1575;;;
458;460;;;
762;565;;;
839;442;;;
541;1087;;;
1064;434;;;
853;417;;;
1273;1010;;;
1127;402;;;
624;908;;;
825;1050;;;
995;394;;;
1778;875;;;
703;825;;;
1091;1066;;;
644;292;;;
1850;1154;;;
719;690;;;
797;1877;;;
502;807;;;
1236;549;;;
1016;335;;;
1033;975;;;
742;1393;;;
2848;699;;;
377;973;;;
239;2151;;;
1777;478;;;
1210;373;;;
732;1275;;;
1131;865;;;
1173;498;;;
557;1462;;;
964;1259;;;
792;417;;;
492;842;;;
691;872;;;
928;557;;;
1065;725;;;
310;635;;;
1715;883;;;
310;478;;;
379;785;;;
663;308;;;
933;632;;;
750;719;;;
594;744;;;
837;722;;;
314;535;;;
1148;718;;;
405;300;;;
1477;914;;;
231;440;;;
436;1294;;;
1358;710;;;
547;527;;;
474;1792;;;
604;553;;;
519;472;;;
878;357;;;
904;523;;;
615;842;;;
1375;889;;;
908;844;;;
1308;920;;;
253;793;;;
470;1275;;;
462;387;;;
1075;331;;;
1002;681;;;
367;1010;;;
1210;835;;;
738;727;;;
683;1022;;;
1038;961;;;
546;487;;;
697;938;;;
482;560;;;
625;983;;;
1202;324;;;
454;858;;;
480;1003;;;
827;604;;;
709;443;;;
231;572;;;
677;750;;;
673;507;;;
732;908;;;
375;663;;;
1289;989;;;
1152;454;;;
339;1323;;;
1492;701;;;
746;334;;;
444;1208;;;
663;888;;;
297;493;;;
1528;590;;;
892;405;;;
534;1547;;;
531;1017;;;
335;553;;;
1372;600;;;
458;391;;;
363;677;;;
890;600;;;
273347;407;;;
770;1006;;;
1145;1155;;;
837;539;;;
981;1034;;;
1271;448;;;
332;990;;;
1012;814;;;
464;418;;;
671;791;;;
476;486;;;
393;660;;;
1036;523;;;
485;513;;;
1068;839;;;
192;332;;;
1342;1010;;;
1324;348;;;
480;1247;;;
937;1027;;;
1084;452;;;
1079;655;;;
924;870;;;
1914;770;;;
1491;837;;;
190;1979;;;
788;1494;;;
1510;288;;;
1129;781;;;
876;1014;;;
677;1200;;;
727;875;;;
501;833;;;
695;772;;;
1265;829;;;
628;746;;;
989;726;;;
1243;642;;;
833;975;;;
493;965;;;
641;1003;;;
635;577;;;
948;522;;;
466;845;;;
908;772;;;
499;452;;;
450;593;;;
1156;1020;;;
176;373;;;
408;1362;;;
434;300;;;
518;490;;;
527;432;;;
494;833;;;
736;509;;;
186;563;;;
736;419;;;
423;377;;;
772;943;;;
740;292;;;
687;673;;;
221;381;;;
1546;485;;;
1279;354;;;
1674;1335;;;
456;630;;;
193;1299;;;
809;513;;;
359;446;;;
495;983;;;
423;395;;;
533;470;;;
981;500;;;
572;768;;;
716;975;;;
647;694;;;
787;420;;;
462;904;;;
484;912;;;
304;565;;;
497;545;;;
1289;247;;;
491;470;;;
649;800;;;
188;357;;;
481;664;;;
756;475;;;
432;513;;;
564;623;;;
1123;961;;;
1067;556;;;
363;497;;;
675;1334;;;
1065;398;;;
225;569;;;
424;845;;;
521;383;;;
215;598;;;
900;397;;;
938;460;;;
948;787;;;
270;1245;;;
604;956;;;
470;402;;;
416;1098;;;
719;683;;;
675;600;;;
847;809;;;
1181;541;;;
843;841;;;
468;1005;;;
1024;687;;;
1721;872;;;
1143;959;;;
477;1587;;;
1115;1018;;;
857;358;;;
1194;1007;;;
943;1125;;;
872;1011;;;
646;707;;;
1352;640;;;
191;1056;;;
853;1630;;;
1259;344;;;
739;1141;;;
389;1174;;;
596;1109;;;
669;480;;;
944;647;;;
361;1279;;;
181;1152;;;
1389;502;;;
1007;431;;;
192;903;;;
393;1157;;;
158;333;;;
357;324;;;
505;372;;;
247;460;;;
319;877;;;
1034;651;;;
1035;383;;;
322;991;;;
2344;825;;;
290;559;;;
762;2568;;;
201;793;;;
699;748;;;
446;493;;;
715;884;;;
765;600;;;
939;734;;;
229;815;;;
517;1273;;;
237;600;;;
633;482;;;
963;440;;;
407;527;;;
468;1263;;;
371;1163;;;
488;756;;;
608;559;;;
377;710;;;
211;594;;;
876;507;;;
745;383;;;
805;929;;;
423;677;;;
1018;985;;;
430;848;;;
693;1356;;;
2509;900;;;
835;1038;;;
286;1944;;;
1076;1283;;;
310;537;;;
431;1058;;;
740;462;;;
529;726;;;
837;1244;;;
677;1066;;;
229;975;;;
190;1460;;;
1014;477;;;
217;340;;;
362;999;;;
208;421;;;
609;439;;;
302;412;;;
758;774;;;
981;475;;;
912;1003;;;
892;1435;;;
788;1212;;;
675;1453;;;
1318;1002;;;
249;1129;;;
448;1494;;;
201;850;;;
527;734;;;
703;426;;;
888;777;;;
708;1220;;;
604;1508;;;
667;900;;;
324;1048;;;
1713;1042;;;
273;340;;;
738;1465;;;
529;647;;;
923;1445;;;
474;951;;;
789;1585;;;
715;977;;;
229;702;;;
354;1137;;;
476;505;;;
462;1052;;;
552;535;;;
253;1601;;;
851;1448;;;
371;355;;;
426;1456;;;
429;981;;;
225;1342;;;
233;790;;;
1085;330;;;
584;385;;;
594;1990;;;
327;1000;;;
432;1070;;;
371;400;;;
396;365;;;
221;734;;;
168;381;;;
166;300;;;
398;420;;;
510;308;;;
164;740;;;
232;1157;;;
785;466;;;
666;402;;;
388;1240;;;
308;1678;;;
563;1001;;;
316;963;;;
346;508;;;
223;832;;;
712;910;;;
722;450;;;
336;928;;;
837;1220;;;
610;697;;;
700;648;;;
302;990;;;
295;790;;;
217;975;;;
827;748;;;
579;470;;;
531;1008;;;
917;999;;;
694;630;;;
207;1425;;;
367;648;;;
448;507;;;
498;1034;;;
199;805;;;
558;1155;;;
521;498;;;
576;898;;;
222;1283;;;
782;730;;;
1106;529;;;
363;1185;;;
450;1776;;;
418;790;;;
659;544;;;
172;837;;;
918;667;;;
174;320;;;
717;1269;;;
587;284;;;
764;1650;;;
280;1033;;;
412;981;;;
403;356;;;
326;734;;;
351;718;;;
825;497;;;
190;485;;;
486;1215;;;
450;310;;;
846;1007;;;
373;768;;;
195;842;;;
298;466;;;
434;347;;;
774;612;;;
203;915;;;
689;800;;;
987;517;;;
285;734;;;
900;902;;;
231;655;;;
346;1488;;;
497;503;;;
691;775;;;
215;1190;;;
474;1119;;;
503;492;;;
1048;931;;;
225;1001;;;
345;1042;;;
287;543;;;
714;691;;;
341;480;;;
531;1100;;;
414;1031;;;
446;625;;;
385;710;;;
240;979;;;
531;827;;;
233;353;;;
363;657;;;
387;738;;;
389;507;;;
405;1156;;;
235;687;;;
643;598;;;
709;536;;;
162;1150;;;
638;1018;;;
288;446;;;
568;825;;;
764;748;;;
564;1725;;;
415;1380;;;
426;960;;;
576;679;;;
249;912;;;
203;985;;;
347;422;;;
570;375;;;
401;770;;;
215;665;;;
229;754;;;
536;407;;;
455;365;;;
379;734;;;
327;594;;;
486;798;;;
835;525;;;
215;501;;;
264;1194;;;
989;402;;;
345;549;;;
174;997;;;
796;408;;;
191;423;;;
310;801;;;
265;411;;;
432;756;;;
254;785;;;
355;752;;;
387;468;;;
464;798;;;
321;573;;;
600;647;;;
421;413;;;
389;959;;;
675;628;;;
547;760;;;
237;1115;;;
176;733;;;
485;543;;;
330;403;;;
651;990;;;
173;420;;;
689;1160;;;
705;321;;;
458;948;;;
422;935;;;
359;760;;;
1080;677;;;
638;875;;;
604;1247;;;
669;806;;;
1331;547;;;
316;1332;;;
164;1348;;;
371;406;;;
1766;410;;;
280;648;;;
446;1981;;;
604;733;;;
732;907;;;
487;1248;;;
737;1522;;;
505;594;;;
347;764;;;
194;956;;;
197;458;;;
914;318;;;
316;513;;;
626;1500;;;
423;837;;;
210;1123;;;
671;548;;;
525;579;;;
353;1025;;;
428;555;;;
363;947;;;
381;562;;;
1151;860;;;
640;742;;;
260;1997;;;
187;809;;;
710;690;;;
533;389;;;
308;1928;;;
344;924;;;
401;663;;;
507;667;;;
644;1449;;;
958;765;;;
440;1394;;;
298;1400;;;
186;462;;;
517;450;;;
596;245;;;
203;758;;;
561;1174;;;
1316;406;;;
256;1048;;;
255;1842;;;
353;592;;;
908;537;;;
284;744;;;
288;1169;;;
296;460;;;
474;359;;;
350;652;;;
765;955;;;
268;1085;;;
545;1445;;;
590;517;;;
188;1150;;;
196;1129;;;
253;326;;;
823;357;;;
347;500;;;
389;1072;;;
641;797;;;
598;643;;;
373;1766;;;
364;837;;;
438;758;;;
178;1067;;;
620;549;;;
391;314;;;
306;1286;;;
251;649;;;
219;679;;;
244;631;;;
205;545;;;
197;412;;;
476;413;;;
732;379;;;
578;634;;;
292;1078;;;
306;1335;;;
263;535;;;
580;395;;;
409;748;;;
665;1400;;;
194;935;;;
620;853;;;
493;300;;;
563;655;;;
407;1275;;;
300;963;;;
256;869;;;
670;731;;;
464;494;;;
308;914;;;
460;1111;;;
847;785;;;
192;798;;;
198;1153;;;
341;353;;;
252;417;;;
397;716;;;
217;383;;;
567;616;;;
174;529;;;
208;590;;;
391;431;;;
287;340;;;
310;720;;;
529;470;;;
265;640;;;
775;806;;;
456;489;;;
525;920;;;
221;1012;;;
555;882;;;
225;381;;;
269;859;;;
213;406;;;
340;608;;;
477;288;;;
237;497;;;
432;843;;;
288;569;;;
280;663;;;
243;395;;;
600;707;;;
458;718;;;
325;1104;;;
464;754;;;
557;785;;;
357;650;;;
450;1142;;;
155;677;;;
262;604;;;
689;294;;;
241;648;;;
402;1468;;;
521;431;;;
198;752;;;
383;600;;;
726;387;;;
225;691;;;
871;1012;;;
332;373;;;
231;533;;;
258;750;;;
206;434;;;
329;434;;;
180;509;;;
866;507;;;
523;407;;;
645;1182;;;
312;694;;;
420;1150;;;
245;565;;;
555;1110;;;
426;507;;;
979;821;;;
373;798;;;
287;1143;;;
296;740;;;
262;675;;;
288;550;;;
247;624;;;
525;468;;;
373;503;;;
322;900;;;
225;671;;;
180;975;;;
412;395;;;
217;278;;;
539;507;;;
335;312;;;
335;622;;;
539;894;;;
359;569;;;
217;912;;;
216;766;;;
341;440;;;
219;420;;;
578;727;;;
468;448;;;
539;870;;;
168;632;;;
221;671;;;
394;316;;;
189;444;;;
223;995;;;
194;330;;;
494;401;;;
207;485;;;
646;1113;;;
450;414;;;
430;1054;;;
391;920;;;
211;805;;;
191;1172;;;
267;556;;;
464;245;;;
288;655;;;
198;851;;;
545;450;;;
759;415;;;
529;1265;;;
555;1309;;;
256;515;;;
1309;798;;;
341;395;;;
1464;687;;;
1240;686;;;
434;1060;;;
298;782;;;
636;310;;;
492;383;;;
412;1690;;;
525;707;;;
272;615;;;
171;335;;;
598;507;;;
278;330;;;
919;943;;;
394;485;;;
842;975;;;
734;460;;;
969;1077;;;
211;722;;;
227;1011;;;
708;485;;;
207;387;;;
418;720;;;
450;422;;;
1229;677;;;
181;963;;;
1036;1670;;;
377;415;;;
1307;919;;;
1423;1048;;;
189;1085;;;
219;1784;;;
456;460;;;
223;331;;;
397;664;;;
284;395;;;
290;525;;;
523;442;;;
608;628;;;
1577;600;;;
515;450;;;
831;1627;;;
475;802;;;
689;675;;;
466;825;;;
369;813;;;
458;460;;;
1255;430;;;
203;505;;;
395;1275;;;
1779;497;;;
352;426;;;
1664;1468;;;
1520;505;;;
1326;1542;;;
205;1172;;;
1052;991;;;
1984;367;;;
1538;643;;;
811;1865;;;
1134;1223;;;
290;1477;;;
199;1607;;;
225;442;;;
1022;363;;;
690;446;;;
709;950;;;
967;738;;;
1648;590;;;
2121;805;;;
336;1591;;;
715;1335;;;
1125;418;;;
1521;363;;;
1235;699;;;
1210;940;;;
1654;925;;;
1886;932;;;
1442;780;;;
483;870;;;
1085;791;;;
1044;497;;;
1392;747;;;
2621;507;;;
1567;703;;;
835;801;;;
2529;618;;;
540;568;;;
401;892;;;
1890;484;;;
1352;274;;;
3508;643;;;
681;655;;;
876;543;;;
2667;381;;;
871;434;;;
1995;784;;;
697;405;;;
774;665;;;
1419;375;;;
2513;479;;;
5560;480;;;
1530;1016;;;
761;1701;;;
2144;673;;;
750;608;;;
1861;1052;;;
1496;857;;;
1104;569;;;
989;598;;;
2237;523;;;
1823;618;;;
944;955;;;
991;865;;;
4088;590;;;
1091;628;;;
2123;1827;;;
663;744;;;
515;872;;;
588;480;;;
920;306;;;
922;525;;;
1208;335;;;
1812;817;;;
499;438;;;
505;1026;;;
835;325;;;
1671;493;;;
736;582;;;
1027;1378;;;
1220;424;;;
312;377;;;
1778;517;;;
1465;348;;;
2169;877;;;
1352;332;;;
2635;1303;;;
592;1551;;;
2274;1052;;;
523;452;;;
1873;1342;;;
2836;238;;;
679;608;;;
1360;977;;;
698;420;;;
2124;969;;;
983;486;;;
496;765;;;
568;413;;;
1628;335;;;
237;403;;;
932;483;;;
541;415;;;
1636;655;;;
1104;448;;;
1045;1164;;;
478;435;;;
460;813;;;
1620;517;;;
492;440;;;
406;817;;;
627;405;;;
1748;340;;;
770;764;;;
765;734;;;
541;636;;;
1028;765;;;
564;311;;;
1564;723;;;
2047;498;;;
4174;657;;;
1233;1125;;;
1217;938;;;
782;665;;;
1740;406;;;
1233;697;;;
950;630;;;
2150;466;;;
748;911;;;
1681;1252;;;
1208;586;;;
318;1218;;;
604;975;;;
679;426;;;
1243;418;;;
387;794;;;
572;675;;;
1921;263;;;
1263;333;;;
2497;1327;;;
1252;1077;;;
1080;1598;;;
1191;1018;;;
847;1097;;;
172;610;;;
750;507;;;
1076;281;;;
458;450;;;
1007;790;;;
616;517;;;
444;533;;;
833;562;;;
1522;466;;;
539;450;;;
515;1022;;;
860;590;;;
594;383;;;
817;821;;;
2052;369;;;
1119;330;;;
671;1370;;;
586;446;;;
332;488;;;
2690;511;;;
1529;343;;;
1717;1238;;;
1251;997;;;
1642;1397;;;
1146;985;;;
1754;1180;;;
1908;707;;;
618;1068;;;
1985;1050;;;
827;667;;;
756;918;;;
475;525;;;
695;487;;;
509;584;;;
1990;770;;;
1299;275;;;
821;1473;;;
971;631;;;
626;602;;;
2627;762;;;
553;648;;;
937;2262;;;
871;399;;;
1123;353;;;
1401;569;;;
1421;612;;;
1859;1417;;;
484;742;;;
1761;892;;;
1243;440;;;
470;1066;;;
543;1176;;;
493;339;;;
640;633;;;
1228;436;;;
308;509;;;
426;1177;;;
890;507;;;
1316;438;;;
673;564;;;
527;1025;;;
642;696;;;
756;464;;;
681;356;;;
1163;575;;;
1299;840;;;
750;698;;;
975;1354;;;
957;572;;;
985;568;;;
898;1107;;;
914;777;;;
507;972;;;
1230;888;;;
193;428;;;
497;930;;;
1004;424;;;
1153;351;;;
778;790;;;
437;1189;;;
367;675;;;
809;438;;;
612;528;;;
969;677;;;
389;486;;;
499;456;;;
2077;560;;;
1393;335;;;
475;1096;;;
2351;1310;;;
1017;527;;;
462;2230;;;
809;1235;;;
677;539;;;
185;798;;;
673;570;;;
271;353;;;
1887;576;;;
1046;504;;;
1277;1485;;;
1273;452;;;
1618;1435;;;
495;817;;;
1626;1033;;;
214;375;;;
492;1520;;;
679;337;;;
1404;490;;;
742;773;;;
441;1235;;;
560;860;;;
512;312;;;
947;553;;;
256;533;;;
4473;845;;;
555;622;;;
426;2873;;;
1997;699;;;
811;502;;;
171;1160;;;
1465;775;;;
1370;503;;;
217;1291;;;
2461;766;;;
215;399;;;
1674;1619;;;
797;549;;;
1226;1299;;;
647;1036;;;
339;1366;;;
600;458;;;
319;320;;;
1281;602;;;
288;406;;;
193;695;;;
957;465;;;
963;276;;;
1066;985;;;
723;655;;;
1322;823;;;
2361;1038;;;
508;1425;;;
1164;1938;;;
1500;427;;;
580;712;;;
904;900;;;
1200;345;;;
612;924;;;
484;809;;;
241;491;;;
1761;375;;;
195;292;;;
865;967;;;
223;379;;;
617;610;;;
1269;425;;;
2601;316;;;
916;697;;;
509;1246;;;
696;689;;;
193;474;;;
442;604;;;
912;399;;;
896;472;;;
687;1031;;;
1565;758;;;
1104;681;;;
652;1310;;;
511;764;;;
1281;811;;;
476;286;;;
209;1255;;;
215;500;;;
489;454;;;
606;290;;;
1814;545;;;
1075;545;;;
1002;1563;;;
1279;1038;;;
1760;961;;;
473;1085;;;
1304;1788;;;
588;726;;;
833;1052;;;
1285;596;;;
531;671;;;
933;1052;;;
1441;610;;;
353;689;;;
1356;1097;;;
213;657;;;
444;922;;;
420;574;;;
557;385;;;
766;386;;;
199;750;;;
212;768;;;
880;320;;;
1277;458;;;
533;753;;;
478;1091;;;
636;462;;;
203;645;;;
661;663;;;
919;328;;;
850;478;;;
250;325;;;
1417;695;;;
1307;493;;;
1320;798;;;
945;908;;;
1172;924;;;
215;536;;;
963;765;;;
608;552;;;
1009;1190;;;
545;696;;;
527;742;;;
1362;375;;;
375;633;;;
1070;1295;;;
1171;644;;;
1857;600;;;
1964;915;;;
383;1307;;;
1664;925;;;
191;442;;;
1085;1117;;;
551;316;;;
1498;1119;;;
1127;570;;;
468;1054;;;
908;692;;;
730;348;;;
223;852;;;
2143;568;;;
1024;304;;;
1364;1295;;;
1308;612;;;
1796;1257;;;
186;1291;;;
1919;1564;;;
1358;535;;;
667;1030;;;
361;1155;;;
197;495;;;
2171;450;;;
1324;320;;;
770;1235;;;
748;535;;;
300;492;;;
1178;350;;;
1832;292;;;
1098;766;;;
990;1039;;;
437;1099;;;
436;900;;;
885;311;;;
1100;442;;;
1397;1060;;;
671;580;;;
562;1210;;;
1237;667;;;
1230;665;;;
880;1234;;;
839;785;;;
1269;588;;;
1806;498;;;
910;624;;;
675;1958;;;
1867;513;;;
176;683;;;
501;930;;;
1321;286;;;
1595;627;;;
582;864;;;
209;1135;;;
1632;373;;;
505;280;;;
1190;709;;;
627;403;;;
697;552;;;
2584;558;;;
1021;397;;;
2151;1623;;;
879;722;;;
938;1563;;;
328;635;;;
191;1020;;;
1271;434;;;
1309;399;;;
914;827;;;
1370;1123;;;
685;768;;;
1258;916;;;
2548;418;;;
869;772;;;
2237;1402;;;
1032;467;;;
1368;1019;;;
787;602;;;
649;1022;;;
967;758;;;
731;768;;;
1563;584;;;
353;462;;;
884;728;;;
874;395;;;
610;659;;;
1388;460;;;
650;637;;;
1068;576;;;
663;497;;;
2439;722;;;
1782;644;;;
920;1291;;;
2420;902;;;
419;712;;;
2741;1212;;;
1539;326;;;
324;1409;;;
503;1480;;;
2564;367;;;
560;423;;;
1193;1923;;;
1013;553;;;
847;738;;;
1259;848;;;
1271;525;;;
2102;627;;;
1770;706;;;
1373;1165;;;
1630;1417;;;
144;1212;;;
480;1460;;;
323;322;;;
2974;375;;;
590;440;;;
1488;1604;;;
1382;625;;;
304;688;;;
1150;975;;;
1100;292;;;
414;906;;;
480;590;;;
1386;345;;;
1478;448;;;
1080;813;;;
851;726;;;
667;853;;;
1055;423;;;
452;515;;;
817;794;;;
1248;537;;;
1373;344;;;
413;868;;;
448;844;;;
1311;310;;;
1431;739;;;
685;983;;;
543;683;;;
888;606;;;
460;316;;;
2031;568;;;
823;302;;;
501;1022;;;
2321;951;;;
1091;500;;;
795;1953;;;
1435;1267;;;
351;1015;;;
628;1184;;;
466;320;;;
487;780;;;
1127;533;;;
525;442;;;
2003;1255;;;
766;701;;;
1157;1302;;;
985;681;;;
1317;1148;;;
714;860;;;
1293;967;;;
551;769;;;
1074;1062;;;
1117;1115;;;
969;722;;;
720;584;;;
1419;788;;;
727;1098;;;
971;833;;;
1299;513;;;
1865;602;;;
1117;1441;;;
1304;1200;;;
786;1119;;;
1080;809;;;
166;663;;;
1861;643;;;
1905;312;;;
458;1549;;;
525;1528;;;
1309;506;;;
558;450;;;
554;1567;;;
1236;719;;;
633;515;;;
1415;916;;;
623;738;;;
792;859;;;
614;655;;;
1204;1085;;;
1921;841;;;
1455;695;;;
1125;1751;;;
1792;1210;;;
700;908;;;
862;1290;;;
622;545;;;
872;1265;;;
1295;574;;;
646;407;;;
491;1002;;;
1052;776;;;
630;793;;;
823;1078;;;
1455;542;;;
961;732;;;
2430;825;;;
691;710;;;
1477;1867;;;
1021;627;;;
658;1544;;;
959;845;;;
981;898;;;
1259;608;;;
525;651;;;
630;1018;;;
1713;782;;;
1242;586;;;
608;1338;;;
767;1010;;;
527;363;;;
2191;495;;;
1680;511;;;
1291;2201;;;
1129;1407;;;
417;950;;;
462;945;;;
827;359;;;
1356;565;;;
529;594;;;
578;1735;;;
282;620;;;
1735;437;;;
411;528;;;
807;1155;;;
322;460;;;
943;975;;;
722;450;;;
943;1113;;;
931;600;;;
1342;631;;;
1141;533;;;
835;1121;;;
213;991;;;
517;777;;;
845;552;;;
917;470;;;
417;762;;;
1200;837;;;
850;564;;;
839;1145;;;
493;633;;;
423;764;;;
1573;628;;;
1584;525;;;
545;930;;;
1398;1370;;;
596;347;;;
777;1293;;;
1093;655;;;
375;679;;;
867;1014;;;
936;533;;;
777;967;;;
1744;562;;;
801;540;;;
438;1387;;;
470;912;;;
1905;413;;;
284;554;;;
501;1579;;;
1386;325;;;
1619;482;;;
687;1121;;;
618;1310;;;
1206;715;;;
1743;1144;;;
482;1040;;;
1357;722;;;
858;409;;;
640;650;;;
701;833;;;
667;630;;;
2312;647;;;
1040;663;;;
186;1468;;;
150;904;;;
498;332;;;
959;306;;;
1390;611;;;
1756;691;;;
662;1253;;;
1032;1437;;;
551;357;;;
1484;880;;;
1001;477;;;
758;1070;;;
2119;769;;;
243;442;;;
448;1200;;;
1007;582;;;
519;343;;;
825;517;;;
568;550;;;
1194;537;;;
483;300;;;
506;1117;;;
498;407;;;
498;387;;;
659;531;;;
470;533;;;
292;515;;;
699;546;;;
1781;328;;;
1208;462;;;
492;1419;;;
559;840;;;
433;385;;;
896;465;;;
1595;391;;;
605;720;;;
478;1310;;;
902;308;;;
1912;442;;;
734;750;;;
1544;1125;;;
541;1153;;;
1156;857;;;
869;675;;;
1366;706;;;
1579;898;;;
549;1429;;;
837;936;;;
1261;514;;;
900;835;;;
1216;851;;;
1332;815;;;
748;897;;;
1093;918;;;
673;774;;;
619;1145;;;
1192;780;;;
750;375;;;
780;656;;;
843;718;;;
606;549;;;
318;1052;;;
1063;590;;;
662;430;;;
578;547;;;
189;665;;;
588;548;;;
487;378;;;
189;608;;;
574;620;;;
574;410;;;
957;310;;;
973;792;;;
967;510;;;
506;867;;;
699;354;;;
1641;364;;;
937;365;;;
898;1077;;;
446;460;;;
1368;823;;;
310;420;;;
805;1150;;;
1145;509;;;
720;898;;;
746;923;;;
1415;510;;;
288;600;;;
893;815;;;
181;372;;;
1914;944;;;
806;460;;;
1103;1714;;;
322;643;;;
411;695;;;
1003;460;;;
723;327;;;
748;835;;;
847;738;;;
1946;691;;;
759;1047;;;
699;928;;;
1384;495;;;
1551;624;;;
497;750;;;
471;1464;;;
1060;486;;;
947;337;;;
2928;600;;;
529;561;;;
1159;1650;;;
584;549;;;
292;1285;;;
1662;592;;;
1139;265;;;
1263;1160;;;
535;703;;;
817;1243;;;
902;852;;;
1038;953;;;
517;606;;;
294;726;;;
1089;438;;;
499;427;;;
699;1287;;;
1174;426;;;
1043;490;;;
1196;825;;;
413;1147;;;
274;1013;;;
590;444;;;
1070;407;;;
393;509;;;
2094;669;;;
1078;408;;;
1423;1865;;;
758;647;;;
450;1293;;;
436;735;;;
1277;340;;;
1330;395;;;
1107;1182;;;
572;1625;;;
1056;990;;;
809;559;;;
961;1267;;;
470;1090;;;
576;739;;;
593;458;;;
594;440;;;
613;355;;;
1545;574;;;
851;604;;;
1403;1159;;;
1289;925;;;
1727;630;;;
551;740;;;
1224;987;;;
1972;624;;;
908;1365;;;
762;1243;;;
2331;814;;;
1575;628;;;
300;1465;;;
336;1530;;;
2419;300;;;
787;548;;;
1121;1994;;;
470;607;;;
1141;973;;;
699;359;;;
679;673;;;
559;402;;;
1236;871;;;
799;541;;;
700;750;;;
1127;564;;;
910;612;;;
824;803;;;
1168;522;;;
450;626;;;
1127;667;;;
691;531;;;
620;785;;;
176;373;;;
651;504;;;
920;306;;;
1027;404;;;
2521;758;;;
414;780;;;
1129;1500;;;
1729;396;;;
740;833;;;
1085;1297;;;
803;446;;;
888;742;;;
928;700;;;
923;663;;;
1307;734;;;
1127;805;;;
1371;1417;;;
1238;1230;;;
450;1425;;;
1144;768;;;
584;523;;;
2366;1018;;;
1435;348;;;
1694;1593;;;
1462;961;;;
2530;1632;;;
1619;880;;;
656;1950;;;
875;809;;;
928;497;;;
477;951;;;
430;752;;;
1897;331;;;
494;442;;;
1235;1094;;;
772;525;;;
581;800;;;
1212;793;;;
1050;483;;;
1365;758;;;
495;778;;;
1052;1094;;;
884;484;;;
1184;987;;;
687;874;;;
925;562;;;
881;567;;;
825;706;;;
460;827;;;
754;943;;;
894;410;;;
1315;541;;;
1444;806;;;
460;1052;;;
1669;1064;;;
610;420;;;
860;758;;;
423;308;;;
1496;789;;;
817;442;;;
1773;715;;;
541;543;;;
464;1006;;;
3146;417;;;
933;541;;;
950;1512;;;
787;815;;;
306;625;;;
1083;390;;;
273;422;;;
1316;582;;;
657;359;;;
681;861;;;
1581;535;;;
1107;862;;;
1443;1097;;;
1338;752;;;
2130;1417;;;
1830;977;;;
527;959;;;
1317;1108;;;
604;760;;;
1143;865;;;
616;565;;;
675;1010;;;
492;598;;;
560;584;;;
1731;405;;;
1393;398;;;
452;1210;;;
947;1047;;;
1352;450;;;
845;953;;;
969;779;;;
1553;695;;;
1529;632;;;
264;1275;;;
1030;1313;;;
967;598;;;
1034;456;;;
889;622;;;
480;1162;;;
174;610;;;
775;420;;;
1676;438;;;
1099;580;;;
1326;1178;;;
1216;964;;;
507;434;;;
912;934;;;
266;405;;;
529;510;;;
284;473;;;
535;450;;;
430;311;;;
1306;507;;;
2252;559;;;
1138;1123;;;
1932;1441;;;
926;1160;;;
1246;1160;;;
1277;935;;;
1164;644;;;
1230;790;;;
1692;667;;;
1402;777;;;
1484;1060;;;
1324;773;;;
1176;884;;;
1030;1184;;;
772;845;;;
712;1182;;;
2027;691;;;
714;590;;;
420;1670;;;
1251;626;;;
628;408;;;
1381;1168;;;
440;642;;;
723;1265;;;
742;464;;;
811;640;;;
480;719;;;
475;531;;;
720;545;;;
860;385;;;
750;477;;;
1628;547;;;
1202;332;;;
1384;695;;;
1271;781;;;
600;1182;;;
2724;953;;;
900;588;;;
1843;1271;;;
513;492;;;
462;1062;;;
746;480;;;
1545;438;;;
1368;561;;;
884;1034;;;
521;636;;;
1407;675;;;
613;343;;;
349;1129;;;
3255;462;;;
629;315;;;
738;1389;;;
1237;460;;;
1628;707;;;
1781;823;;;
531;1027;;;
1017;1425;;;
1688;414;;;
2724;817;;;
1350;925;;;
850;1350;;;
701;1210;;;
809;499;;;
1070;560;;;
1113;470;;;
1170;648;;;
1822;659;;;
1352;693;;;
1150;843;;;
405;1342;;;
472;1033;;;
596;351;;;
1074;332;;;
809;383;;;
1904;1176;;;
948;973;;;
1784;1161;;;
1301;523;;;
1149;1433;;;
734;1117;;;
2100;742;;;
679;547;;;
969;1032;;;
261;300;;;
632;717;;;
1085;311;;;
1335;675;;;
979;829;;;
379;1113;;;
667;598;;;
1028;426;;;
1074;847;;;
1208;490;;;
1851;808;;;
1413;606;;;
1135;1085;;;
610;760;;;
1121;600;;;
971;622;;;
932;699;;;
946;568;;;
1597;485;;;
540;350;;;
785;723;;;
154;558;;;
1277;600;;;
1914;300;;;
1356;592;;;
1931;1330;;;
469;780;;;
859;1161;;;
462;430;;;
1290;391;;;
987;406;;;
1237;967;;;
1541;675;;;
1673;975;;;
1141;963;;;
1030;1405;;;
1711;1053;;;
2065;677;;;
251;1741;;;
1354;1101;;;
1765;466;;;
1869;514;;;
1447;1019;;;
1012;1560;;;
1442;1332;;;
1255;418;;;
1939;774;;;
1435;1260;;;
1127;1325;;;
685;1133;;;
744;1090;;;
436;533;;;
837;632;;;
1638;325;;;
912;553;;;
544;1445;;;
742;780;;;
859;645;;;
724;868;;;
714;623;;;
1289;355;;;
768;714;;;
882;900;;;
2065;1368;;;
651;675;;;
600;1275;;;
1571;742;;;
1172;644;;;
405;1172;;;
379;786;;;
454;490;;;
487;567;;;
345;377;;;
706;655;;;
1318;418;;;
286;505;;;
1522;647;;;
934;419;;;
543;801;;;
1847;620;;;
288;721;;;
505;1243;;;
158;632;;;
1577;555;;;
1012;341;;;
970;1297;;;
924;932;;;
529;1070;;;
728;738;;;
1954;944;;;
957;478;;;
653;1579;;;
725;750;;;
298;438;;;
166;1097;;;
432;316;;;
267;267;;;
570;543;;;
645;525;;;
766;490;;;
1240;577;;;
1143;537;;;
162;1070;;;
685;1008;;;
1060;348;;;
586;806;;;
1056;1072;;;
1172;960;;;
659;1076;;;
1165;943;;;
412;535;;;
1143;673;;;
456;405;;;
825;1263;;;
874;434;;;
574;592;;;
172;758;;;
182;576;;;
606;278;;;
1089;300;;;
426;523;;;
466;900;;;
1184;675;;;
345;523;;;
434;663;;;
638;655;;;
665;641;;;
841;817;;;
1275;873;;;
1381;663;;;
777;1125;;;
1482;1018;;;
569;890;;;
880;1278;;;
189;387;;;
564;432;;;
742;312;;;
259;655;;;
991;719;;;
484;440;;;
722;920;;;
211;553;;;
856;817;;;
681;268;;;
324;296;;;
740;723;;;
185;402;;;
484;675;;;
803;304;;;
478;545;;;
750;1185;;;
468;726;;;
1738;825;;;
714;355;;;
1034;2015;;;
517;645;;;
244;1093;;;
359;647;;;
343;497;;;
1419;430;;;
350;625;;;
468;1575;;;
294;695;;;
868;344;;;
746;448;;;
732;663;;;
914;544;;;
296;813;;;
1322;750;;;
460;562;;;
513;1573;;;
919;707;;;
470;880;;;
418;788;;;
655;574;;;
401;375;;;
189;773;;;
436;320;;;
734;300;;;
334;347;;;
202;758;;;
393;416;;;
539;300;;;
472;428;;;
2055;710;;;
565;707;;;
1529;1938;;;
408;339;;;
351;1530;;;
627;911;;;
829;628;;;
697;833;;;
823;543;;;
431;1200;;;
452;930;;;
193;395;;;
685;486;;;
1025;435;;;
495;808;;;
365;961;;;
237;546;;;
189;694;;;
894;420;;;
1498;422;;;
361;521;;;
243;1085;;;
460;430;;;
795;574;;;
529;545;;;
314;777;;;
243;651;;;
475;458;;;
798;633;;;
174;876;;;
369;1085;;;
435;347;;;
892;552;;;
328;578;;;
723;497;;;
854;439;;;
349;981;;;
1137;835;;;
662;705;;;
547;927;;;
1111;770;;;
837;707;;;
209;1528;;;
953;811;;;
1713;324;;;
570;560;;;
348;1530;;;
369;734;;;
1022;398;;;
545;594;;;
746;1170;;;
943;760;;;
448;750;;;
1336;959;;;
550;478;;;
1725;1295;;;
1166;423;;;
296;1382;;;
511;1001;;;
764;742;;;
461;573;;;
154;481;;;
390;460;;;
219;327;;;
395;793;;;
612;618;;;
1030;549;;;
979;793;;;
202;948;;;
932;410;;;
302;328;;;
519;665;;;
486;442;;;
174;527;;;
260;493;;;
237;343;;;
660;673;;;
448;478;;;
207;900;;;
308;700;;;
225;312;;;
225;430;;;
1050;330;;;
357;363;;;
598;1200;;;
221;387;;;
354;900;;;
533;407;;;
655;465;;;
1364;600;;;
585;785;;;
1295;770;;;
760;606;;;
192;1001;;;
345;1040;;;
807;410;;;
792;840;;;
318;969;;;
276;490;;;
910;493;;;
647;495;;;
744;845;;;
442;592;;;
509;1060;;;
621;711;;;
525;673;;;
1178;775;;;
1149;675;;;
345;990;;;
764;799;;;
981;531;;;
424;1072;;;
594;1307;;;
723;722;;;
906;663;;;
490;963;;;
1179;1013;;;
424;716;;;
1212;1543;;;
1042;568;;;
195;1453;;;
517;1010;;;
1044;395;;;
933;494;;;
272;880;;;
612;744;;;
598;557;;;
1311;870;;;
217;677;;;
559;1090;;;
1121;458;;;
403;661;;;
401;1235;;;
367;710;;;
720;768;;;
1444;710;;;
1060;754;;;
671;1243;;;
896;1261;;;
456;553;;;
395;1318;;;
562;537;;;
569;855;;;
661;466;;;
369;900;;;
275;1140;;;
323;555;;;
434;405;;;
196;475;;;
1405;322;;;
448;337;;;
519;1175;;;
1429;664;;;
334;695;;;
419;1038;;;
507;379;;;
673;655;;;
428;1103;;;
1015;664;;;
225;544;;;
1135;1510;;;
894;391;;;
687;597;;;
342;1773;;;
272;829;;;
395;589;;;
685;576;;;
197;760;;;
645;762;;;
311;537;;;
1223;975;;;
180;541;;;
353;1068;;;
444;537;;;
1271;420;;;
560;904;;;
748;794;;;
391;693;;;
2122;718;;;
385;750;;;
908;1688;;;
316;1176;;;
653;1048;;;
206;444;;;
219;620;;;
602;417;;;
444;484;;;
754;756;;;
783;509;;;
786;769;;;
504;813;;;
480;920;;;
365;584;;;
192;827;;;
246;417;;;
249;310;;;
330;563;;;
868;580;;;
529;337;;;
250;687;;;
397;653;;;
1007;484;;;
302;552;;;
314;1331;;;
525;428;;;
462;422;;;
932;758;;;
1123;990;;;
474;1481;;;
369;760;;;
488;409;;;
704;574;;;
1791;839;;;
174;660;;;
1310;1050;;;
837;400;;;
620;1141;;;
1129;780;;;
298;790;;;
754;1535;;;
173;405;;;
699;924;;;
294;260;;;
513;1091;;;
466;784;;;
778;726;;;
344;631;;;
284;340;;;
912;586;;;
1125;702;;;
316;932;;;
527;1018;;;
896;450;;;
916;656;;;
325;1025;;;
237;1034;;;
620;502;;;
602;355;;;
239;691;;;
748;781;;;
918;498;;;
695;657;;;
560;938;;;
789;536;;;
237;608;;;
256;710;;;
555;545;;;
411;600;;;
179;815;;;
683;600;;;
223;338;;;
229;892;;;
454;652;;;
872;375;;;
446;758;;;
492;1157;;;
484;1038;;;
695;529;;;
1099;513;;;
256;1142;;;
489;1107;;;
209;454;;;
959;1023;;;
487;659;;;
450;1393;;;
957;750;;;
525;389;;;
721;1236;;;
519;1117;;;
469;1263;;;
496;660;;;
679;876;;;
551;560;;;
402;857;;;
404;438;;;
477;710;;;
657;367;;;
348;1334;;;
683;1729;;;
546;592;;;
582;1230;;;
529;853;;;
1265;1294;;;
458;770;;;
306;1591;;;
464;687;;;
186;492;;;
395;1060;;;
786;466;;;
424;691;;;
199;1105;;;
478;1015;;;
663;425;;;
912;860;;;
500;919;;;
549;1640;;;
197;808;;;
586;876;;;
784;537;;;
523;1853;;;
841;1599;;;
489;730;;;
681;800;;;
271;1553;;;
231;813;;;
180;911;;;
693;702;;;
352;302;;;
304;1690;;;
223;738;;;
505;880;;;
626;915;;;
432;764;;;
679;821;;;
645;1027;;;
304;625;;;
412;619;;;
377;1078;;;
196;908;;;
564;535;;;
242;566;;;
696;1117;;;
351;655;;;
175;935;;;
249;723;;;
691;552;;;
973;706;;;
902;1042;;;
464;1488;;;
308;800;;;
744;556;;;
1127;588;;;
693;622;;;
406;1145;;;
476;1058;;;
440;600;;;
190;552;;;
617;726;;;
195;545;;;
241;1196;;;
225;513;;;
474;675;;;
174;638;;;
1289;667;;;
1534;501;;;
574;1990;;;
361;1745;;;
466;655;;;
350;665;;;
780;1200;;;
735;724;;;
821;959;;;
444;1035;;;
262;903;;;
452;470;;;
353;454;;;
537;699;;;
200;450;;;
165;731;;;
293;399;;;
243;407;;;
199;525;;;
1050;665;;;
835;460;;;
199;1652;;;
1033;1023;;;
1841;430;;;
484;1883;;;
570;1571;;;
989;837;;;
371;753;;;
320;1464;;;
211;501;;;
250;406;;;
233;522;;;
320;706;;;
1022;543;;;
316;525;;;
505;1050;;;
750;801;;;
592;1200;;;
382;1729;;;
596;1067;;;
713;435;;;
480;900;;;
519;1260;;;
478;952;;;
699;825;;;
247;702;;;
300;1330;;;
430;540;;;
1020;718;;;
1466;632;;;
679;1740;;;
621;1701;;;
227;1302;;;
277;1101;;;
777;547;;;
391;490;;;
829;1137;;;
1084;940;;;
201;734;;;
519;1002;;;
890;706;;;
229;693;;;
186;754;;;
178;369;;;
1159;365;;;
594;320;;;
177;1144;;;
598;945;;;
847;312;;;
1026;888;;;
750;963;;;
381;1200;;;
320;785;;;
1123;632;;;
460;414;;;
557;1360;;;
306;612;;;
484;910;;;
1151;565;;;
365;575;;;
563;1354;;;
298;294;;;
683;525;;;
930;485;;;
831;760;;;
1804;695;;;
308;450;;;
736;2372;;;
882;397;;;
1076;552;;;
566;835;;;
627;1064;;;
332;823;;;
1046;655;;;
870;283;;;
758;624;;;
290;844;;;
515;486;;;
619;521;;;
211;420;;;
923;1030;;;
430;392;;;
411;831;;;
1013;608;;;
430;828;;;
1156;1157;;;
716;505;;;
499;775;;;
569;740;;;
438;695;;;
669;1162;;;
760;817;;;
306;677;;;
1373;784;;;
1100;429;;;
1400;975;;;
792;1025;;;
270;1180;;;
1405;663;;;
519;498;;;
545;852;;;
1561;644;;;
341;663;;;
315;1230;;;
491;403;;;
297;387;;;
589;396;;;
456;393;;;
971;469;;;
744;565;;;
625;1019;;;
754;1097;;;
661;324;;;
1192;1107;;;
1007;975;;;
667;1208;;;
395;1156;;;
318;827;;;
442;537;;;
746;572;;;
872;522;;;
1040;600;;;
382;754;;;
604;1196;;;
395;458;;;
471;853;;;
497;825;;;
1583;715;;;
448;415;;;
1652;1662;;;
395;438;;;
575;1672;;;
363;292;;;
312;450;;;
1035;730;;;
861;349;;;
778;854;;;
818;711;;;
464;1214;;;
2009;847;;;
819;675;;;
633;2098;;;
442;645;;;
780;1150;;;
659;750;;;
1129;1200;;;
152;754;;;
967;477;;;
802;367;;;
1185;482;;;
1100;635;;;
422;766;;;
294;1075;;;
681;596;;;
211;690;;;
484;777;;;
728;433;;;
213;423;;;
276;924;;;
438;446;;;
979;494;;;
515;369;;;
478;1380;;;
1127;675;;;
479;434;;;
923;841;;;
289;801;;;
1099;886;;;
681;655;;;
166;1398;;;
1465;734;;;
334;375;;;
1246;1702;;;
811;608;;;
853;1498;;;
201;734;;;
622;850;;;
977;373;;;
340;495;;;
1214;1344;;;
759;365;;;
229;1275;;;
606;572;;;
461;531;;;
442;639;;;
491;626;;;
256;418;;;
1027;582;;;
677;450;;;
205;817;;;
683;750;;;
546;395;;;
1119;1065;;;
424;423;;;
533;700;;;
771;610;;;
468;655;;;
1164;945;;;
813;832;;;
158;1312;;;
1056;1247;;;
468;515;;;
170;1240;;;
989;720;;;
821;458;;;
458;886;;;
493;833;;;
328;351;;;
740;774;;;
734;430;;;
565;1062;;;
1755;1040;;;
393;673;;;
971;1228;;;
186;865;;;
627;1093;;;
190;278;;;
458;590;;;
1654;311;;;
181;515;;;
316;965;;;
471;438;;;
716;430;;;
318;529;;;
918;677;;;
758;645;;;
1058;718;;;
613;653;;;
1062;1072;;;
841;683;;;
306;1002;;;
495;847;;;
399;331;;;
742;855;;;
142;428;;;
679;762;;;
606;277;;;
600;513;;;
720;514;;;
858;508;;;
1040;442;;;
614;874;;;
893;947;;;
533;758;;;
1260;750;;;
277;319;;;
551;872;;;
1095;635;;;
616;435;;;
550;873;;;
150;650;;;
318;545;;;
681;288;;;
1354;294;;;
462;729;;;
304;1413;;;
696;560;;;
553;320;;;
543;625;;;
215;535;;;
1285;525;;;
800;456;;;
602;1397;;;
610;1072;;;
898;717;;;
1386;533;;;
497;720;;;
1091;1275;;;
290;389;;;
385;772;;;
470;491;;;
300;809;;;
1255;468;;;
1830;552;;;
316;525;;;
436;1415;;;
414;437;;;
618;633;;;
724;409;;;
318;570;;;
1238;631;;;
681;472;;;
519;580;;;
971;956;;;
143;967;;;
438;1257;;;
931;284;;;
337;568;;;
934;890;;;
568;628;;;
2001;969;;;
884;556;;;
801;2023;;;
174;920;;;
379;596;;;
165;442;;;
608;764;;;
233;419;;;
556;618;;;
575;594;;;
506;787;;;
484;478;;;
754;705;;;
576;462;;;
444;856;;;
300;632;;;
296;420;;;
951;292;;;
1390;407;;;
1265;1299;;;
430;1544;;;
654;1425;;;
1262;675;;;
194;857;;;
1332;1530;;;
1050;508;;;
669;1547;;;
258;787;;;
557;825;;;
436;409;;;
551;1667;;;
664;393;;;
166;703;;;
231;967;;;
918;330;;;
302;594;;;
1286;910;;;
916;312;;;
1213;1133;;;
1180;1010;;;
989;1085;;;
294;1125;;;
377;844;;;
168;440;;;
221;726;;;
803;310;;;
590;357;;;
263;1384;;;
198;582;;;
1109;685;;;
395;543;;;
855;1123;;;
314;868;;;
336;730;;;
458;446;;;
277;628;;;
701;723;;;
150;300;;;
537;770;;;
359;308;;;
434;1035;;;
392;375;;;
245;458;;;
454;990;;;
1165;450;;;
725;857;;;
323;1232;;;
245;1068;;;
179;586;;;
418;354;;;
858;419;;;
683;564;;;
290;1313;;;
928;769;;;
1815;648;;;
1145;1259;;;
1020;1264;;;
679;2074;;;
312;874;;;
464;736;;;
209;533;;;
221;407;;;
250;533;;;
722;359;;;
948;730;;;
1175;677;;;
280;825;;;
733;1103;;;
1237;367;;;
617;858;;;
162;1638;;;
331;723;;;
249;327;;;
829;533;;;
825;510;;;
870;793;;;
514;1192;;;
1139;1302;;;
158;545;;;
600;1236;;;
448;338;;;
742;761;;;
614;322;;;
276;588;;;
1086;787;;;
519;545;;;
787;1352;;;
2524;678;;;
1670;1168;;;
345;3330;;;
219;1275;;;
331;608;;;
329;365;;;
421;797;;;
223;580;;;
341;787;;;
439;419;;;
669;485;;;
655;789;;;
351;594;;;
388;1008;;;
486;525;;;
355;730;;;
904;391;;;
866;541;;;
474;1017;;;
454;983;;;
434;513;;;
168;329;;;
1427;710;;;
176;300;;;
519;1757;;;
669;446;;;
181;641;;;
575;1153;;;
821;399;;;
321;631;;;
373;1121;;;
375;531;;;
709;691;;;
168;580;;;
361;1165;;;
766;300;;;
825;655;;;
190;99415;;;
312;1575;;;
268;434;;;
166;489;;;
349;884;;;
336;435;;;
472;646;;;
928;1227;;;
725;1591;;;
458;1879;;;
213;1198;;;
355;1517;;;
211;640;;;
825;602;;;
160;707;;;
213;1088;;;
1098;320;;;
658;450;;;
247;1115;;;
1030;1184;;;
357;707;;;
335;1617;;;
877;1429;;;
609;556;;;
537;1417;;;
377;1137;;;
618;1081;;;
752;985;;;
572;681;;;
509;810;;;
466;1024;;;
458;845;;;
699;910;;;
391;614;;;
760;1094;;;
567;928;;;
274;817;;;
205;975;;;
310;417;;;
385;667;;;
269;590;;;
237;710;;;
335;1022;;;
495;517;;;
395;1123;;;
198;983;;;
1330;671;;;
292;489;;;
193;1473;;;
642;756;;;
948;422;;;
244;423;;;
180;1373;;;
325;503;;;
348;497;;;
191;683;;;
1461;720;;;
861;541;;;
314;1626;;;
371;1508;;;
281;491;;;
364;544;;;
274;555;;;
456;910;;;
497;693;;;
312;1583;;;
213;765;;;
950;615;;;
552;379;;;
817;1103;;;
266;1058;;;
197;1891;;;
274;663;;;
456;365;;;
337;590;;;
324;1119;;;
551;1063;;;
308;677;;;
189;914;;;
414;395;;;
505;573;;;
1053;795;;;
178;802;;;
776;1855;;;
379;320;;;
306;1425;;;
319;715;;;
705;545;;;
397;535;;;
983;1060;;;
726;931;;;
266;1510;;;
744;874;;;
158;639;;;
951;683;;;
1107;275;;;
251;1480;;;
827;1054;;;
1015;568;;;
615;979;;;
272;1340;;;
730;1315;;;
446;585;;;
982;1018;;;
763;487;;;
440;1374;;;
657;581;;;
1372;630;;;
1762;886;;;
504;1664;;;
847;2546;;;
882;1208;;;
448;884;;;
403;1215;;;
639;580;;;
324;450;;;
394;1101;;;
184;679;;;
1569;890;;;
615;466;;;
314;1595;;;
184;993;;;
681;391;;;
550;501;;;
657;1307;;;
732;1706;;;
194;1131;;;
680;1196;;;
744;412;;;
207;957;;;
186;1009;;;
231;391;;;
399;410;;;
466;647;;;
663;1007;;;
280;951;;;
339;1133;;;
258;474;;;
264;495;;;
329;590;;;
286;347;;;
740;608;;;
480;422;;;
321;930;;;
344;600;;;
442;430;;;
267;505;;;
709;975;;;
329;446;;;
391;900;;;
235;643;;;
861;793;;;
1166;581;;;
838;1026;;;
330;1887;;;
1048;1366;;;
186;416;;;
661;1188;;;
584;302;;;
542;667;;;
276;1704;;;
396;1156;;;
494;521;;;
1498;955;;;
1019;695;;;
146;2064;;;
349;1701;;;
786;379;;;
256;550;;;
290;1232;;;
829;514;;;
624;552;;;
456;1265;;;
306;1425;;;
298;608;;;
170;541;;;
202;480;;;
556;412;;;
165;458;;;
629;853;;;
872;383;;;
336;1148;;;
265;1267;;;
1140;1122;;;
799;402;;;
716;1062;;;
388;1255;;;
456;1186;;;
673;675;;;
245;476;;;
296;489;;;
460;703;;;
608;473;;;
368;497;;;
211;748;;;
600;730;;;
647;590;;;
596;687;;;
715;922;;;
385;715;;;
161;865;;;
301;712;;;
1206;395;;;
712;492;;;
243;2235;;;
289;863;;;
241;638;;;
341;422;;;
960;638;;;
505;513;;;
835;785;;;
719;754;;;
789;1100;;;
146;1490;;;
841;1204;;;
657;478;;;
1064;1123;;;
1030;391;;;
298;1500;;;
300;1141;;;
186;608;;;
292;798;;;
831;363;;;
736;430;;;
539;625;;;
413;967;;;
316;817;;;
493;480;;;
442;598;;;
292;883;;;
393;623;;;
1179;953;;;
261;721;;;
825;1445;;;
173;385;;;
223;1003;;;
726;705;;;
424;351;;;
191;659;;;
417;487;;;
539;389;;;
742;788;;;
397;795;;;
446;1155;;;
1060;391;;;
1417;432;;;
574;948;;;
438;1259;;;
569;528;;;
361;975;;;
566;663;;;
590;497;;;
619;565;;;
665;1012;;;
639;817;;;
497;872;;;
698;1210;;;
593;636;;;
641;957;;;
689;841;;;
746;944;;;
349;845;;;
236;908;;;
875;527;;;
190;644;;;
781;793;;;
502;592;;;
605;853;;;
596;924;;;
529;464;;;
215;1133;;;
146;716;;;
765;476;;;
574;387;;;
825;1066;;;
209;588;;;
314;572;;;
977;367;;;
797;535;;;
288;1174;;;
147;822;;;
213;648;;;
884;431;;;
359;399;;;
624;720;;;
450;677;;;
472;876;;;
227;997;;;
414;500;;;
414;637;;;
584;541;;;
389;442;;;
543;1162;;;
1251;718;;;
348;715;;;
1140;1733;;;
623;371;;;
709;906;;;
495;769;;;
778;746;;;
1060;873;;;
829;990;;;
1050;1358;;;
207;1218;;;
404;1703;;;
193;298;;;
742;590;;;
262;320;;;
207;548;;;
531;525;;;
292;391;;;
572;517;;;
197;438;;;
194;643;;;
253;410;;;
821;386;;;
731;420;;;
864;1092;;;
1127;764;;;
521;920;;;
527;1160;;;
1006;694;;;
559;805;;;
840;1620;;;
726;850;;;
702;1168;;;
802;839;;;
170;925;;;
494;955;;;
233;320;;;
547;827;;;
371;402;;;
688;547;;;
513;509;;;
825;853;;;
663;736;;;
316;879;;;
178;590;;;
504;702;;;
886;320;;;
521;888;;;
789;1101;;;
434;837;;;
395;983;;;
373;462;;;
464;692;;;
476;640;;;
1003;612;;;
500;1095;;;
1186;620;;;
412;653;;;
1295;1370;;;
1192;782;;;
389;1907;;;
886;1194;;;
843;1083;;;
173;772;;;
576;908;;;
761;387;;;
493;837;;;
705;748;;;
183;631;;;
269;979;;;
1101;533;;;
537;428;;;
414;785;;;
347;683;;;
1073;778;;;
707;405;;;
572;1567;;;
491;691;;;
178;577;;;
917;845;;;
146;393;;;
811;910;;;
889;345;;;
235;975;;;
1182;1168;;;
630;404;;;
821;1429;;;
1389;710;;;
495;902;;;
4390;1429;;;
2471;578;;;
615;888;;;
347;1135;;;
330;450;;;
442;697;;;
179;754;;;
134;474;;;
572;300;;;
1157;251;;;
1545;611;;;
866;1272;;;
371;1780;;;
1003;856;;;
154;655;;;
489;1099;;;
272;464;;;
261;647;;;
727;632;;;
792;412;;;
420;804;;;
543;1265;;;
647;608;;;
478;860;;;
201;1062;;;
185;411;;;
383;407;;;
130;430;;;
819;604;;;
417;367;;;
371;948;;;
505;561;;;
647;525;;;
734;594;;;
474;1413;;;
314;1217;;;
533;610;;;
154;553;;;
424;478;;;
202;250;;;
782;782;;;
418;446;;;
770;1066;;;
199;638;;;
499;448;;;
505;488;;;
186;1133;;;
265;667;;;
811;473;;;
604;713;;;
198;1311;;;
995;1068;;;
482;438;;;
452;1893;;;
940;781;;;
561;807;;;
902;1695;;;
725;957;;;
355;884;;;
328;837;;;
539;967;;;
687;573;;;
265;917;;;
874;1431;;;
615;734;;;
600;1121;;;
612;883;;;
375;950;;;
233;920;;;
217;742;;;
400;454;;;
707;440;;;
1373;932;;;
152;1222;;;
797;2146;;;
164;306;;;
665;2028;;;
426;505;;;
304;387;;;
367;1125;;;
225;632;;;
391;501;;;
882;517;;;
1469;504;;;
1319;1099;;;
302;1857;;;
264;1652;;;
302;547;;;
833;640;;;
349;535;;;
471;2617;;;
233;537;;;
393;773;;;
644;568;;;
175;675;;;
245;1145;;;
168;663;;;
341;610;;;
1521;466;;;
734;482;;;
439;1287;;;
807;967;;;
227;592;;;
371;888;;;
671;730;;;
167;720;;;
404;893;;;
529;320;;;
266;726;;;
342;716;;;
470;515;;;
716;768;;;
591;845;;;
140;770;;;
811;1175;;;
460;335;;;
910;1320;;;
720;628;;;
367;1620;;;
756;625;;;
861;730;;;
726;939;;;
352;1125;;;
191;1291;;;
505;541;;;
500;406;;;
505;913;;;
191;790;;;
1032;835;;;
481;494;;;
306;1543;;;
1150;833;;;
503;515;;;
869;1429;;;
864;1133;;;
600;1279;;;
876;695;;;
823;963;;;
1013;1611;;;
338;805;;;
189;1113;;;
961;533;;;
981;474;;;
755;1047;;;
477;1310;;;
1150;1123;;;
375;677;;;
282;1202;;;
430;565;;;
333;513;;;
788;428;;;
586;861;;;
677;1632;;;
276;440;;;
1168;1146;;;
1042;930;;;
460;1437;;;
195;1283;;;
373;1159;;;
198;458;;;
371;603;;;
869;300;;;
1192;369;;;
428;1297;;;
140;1164;;;
468;855;;;
586;438;;;
255;648;;;
295;1133;;;
576;679;;;
446;553;;;
271;1303;;;
488;663;;;
616;802;;;
302;581;;;
360;618;;;
460;568;;;
513;555;;;
1135;683;;;
1364;679;;;
164;1184;;;
184;1177;;;
166;460;;;
316;285;;;
375;417;;;
482;440;;;
424;795;;;
242;698;;;
164;480;;;
294;837;;;
651;304;;;
494;628;;;
207;777;;;
401;602;;;
849;480;;;
190;718;;;
272;1090;;;
789;300;;;
677;312;;;
285;1098;;;
707;1002;;;
878;306;;;
1046;1234;;;
235;1279;;;
187;1877;;;
610;703;;;
476;578;;;
287;936;;;
195;963;;;
464;740;;;
418;450;;;
886;888;;;
356;967;;;
162;876;;;
379;653;;;
259;300;;;
184;771;;;
482;695;;;
442;507;;;
260;758;;;
655;1210;;;
164;995;;;
586;1545;;;
987;450;;;
209;864;;;
407;1245;;;
326;399;;;
603;920;;;
320;785;;;
258;697;;;
308;377;;;
377;896;;;
274;300;;;
1200;950;;;
752;568;;;
221;1334;;;
377;1088;;;
846;440;;;
320;537;;;
141;1993;;;
952;468;;;
148;335;;;
632;1307;;;
387;480;;;
223;1038;;;
570;833;;;
665;438;;;
182;813;;;
288;890;;;
172;395;;;
314;486;;;
331;312;;;
195;566;;;
186;655;;;
546;497;;;
493;442;;;
260;774;;;
177;775;;;
162;799;;;
969;430;;;
375;590;;;
696;1492;;;
270;778;;;
634;752;;;
361;523;;;
180;839;;;
519;573;;;
401;272;;;
406;864;;;
174;730;;;
511;619;;;
474;573;;;
156;805;;;
383;813;;;
351;497;;;
395;549;;;
178;542;;;
362;659;;;
537;515;;;
432;862;;;
490;1028;;;
397;983;;;
164;1133;;;
298;781;;;
148;513;;;
367;423;;;
669;405;;;
336;639;;;
355;852;;;
629;495;;;
209;746;;;
487;943;;;
786;679;;;
377;1365;;;
701;1405;;;
294;602;;;
140;1080;;;
507;732;;;
284;302;;;
259;740;;;
541;456;;;
489;655;;;
345;665;;;
263;746;;;
993;1188;;;
338;505;;;
546;2100;;;
288;575;;;
549;896;;;
300;322;;;
326;1317;;;
1088;742;;;
271;698;;;
274;1058;;;
192;521;;;
367;855;;;
393;442;;;
193;904;;;
209;1056;;;
296;527;;;
511;525;;;
1078;635;;;
624;855;;;
613;2216;;;
442;1453;;;
188;1005;;;
880;672;;;
287;477;;;
172;1608;;;
515;790;;;
351;359;;;
442;875;;;
840;955;;;
1176;487;;;
177;1364;;;
150;1942;;;
742;320;;;
306;351;;;
201;883;;;
161;553;;;
264;472;;;
234;314;;;
389;869;;;
176;373;;;
158;754;;;
140;377;;;
397;608;;;
265;320;;;
876;638;;;
383;750;;;
322;1377;;;
221;806;;;
487;600;;;
716;553;;;
160;1247;;;
469;1109;;;
146;395;;;
288;1190;;;
352;373;;;
559;582;;;
296;886;;;
189;948;;;
393;1128;;;
669;448;;;
221;623;;;
683;1165;;;
166;766;;;
187;975;;;
190;361;;;
393;320;;;
347;675;;;
268;683;;;
323;823;;;
197;652;;;
154;1003;;;
231;419;;;
267;310;;;
936;300;;;
159;965;;;
594;865;;;
207;308;;;
736;750;;;
237;434;;;
846;864;;;
144;667;;;
261;1054;;;
164;444;;;
164;833;;;
341;434;;;
450;314;;;
243;720;;;
180;1188;;;
324;348;;;
793;403;;;
719;576;;;
176;541;;;
452;592;;;
158;428;;;
431;551;;;
700;270;;;
169;1741;;;
918;1482;;;
487;541;;;
278;1729;;;
420;1050;;;
1006;622;;;
748;655;;;
291;1595;;;
872;706;;;
288;379;;;
229;1773;;;
190;519;;;
432;740;;;
192;467;;;
174;845;;;
164;456;;;
248;320;;;
202;535;;;
355;576;;;
517;578;;;
318;359;;;
179;813;;;
391;857;;;
142;456;;;
255;765;;;
653;275;;;
551;612;;;
252;999;;;
687;850;;;
390;1036;;;
176;823;;;
193;926;;;
155;290;;;
531;360;;;
221;308;;;
667;935;;;
762;429;;;
584;2033;;;
681;855;;;
200;920;;;
346;943;;;
174;588;;;
736;691;;;
574;478;;;
1036;760;;;
158;715;;;
369;1117;;;
588;316;;;
312;610;;;
282;1097;;;
699;616;;;
152;987;;;
306;841;;;
288;506;;;
261;750;;;
255;705;;;
227;483;;;
738;938;;;
461;475;;;
355;996;;;
1125;1296;;;
312;580;;;
154;2171;;;
225;553;;;
393;347;;;
349;419;;;
665;823;;;
624;654;;;
184;1060;;;
913;1170;;;
308;667;;;
180;1139;;;
385;920;;;
168;701;;;
409;896;;;
270;484;;;
394;979;;;
326;728;;;
166;1030;;;
127;620;;;
174;308;;;
401;289;;;
180;386;;;
257;644;;;
476;440;;;
409;742;;;
646;667;;;
201;515;;;
123;1425;;;
619;398;;;
438;423;;;
216;1288;;;
196;789;;;
300;488;;;
167;371;;;
594;807;;;
178;430;;;
680;1247;;;
439;481;;;
223;1180;;;
243;975;;;
256;648;;;
389;525;;;
389;825;;;
547;876;;;
294;825;;;
509;1532;;;
861;810;;;
649;927;;;
494;1421;;;
487;1163;;;
325;752;;;
154;732;;;
340;574;;;
862;324;;;
587;581;;;
375;1260;;;
325;1212;;;
381;857;;;
213;444;;;
314;752;;;
1024;515;;;
219;345;;;
378;2187;;;
332;482;;;
275;737;;;
179;732;;;
322;695;;;
363;485;;;
241;963;;;
513;977;;;
363;502;;;
401;598;;;
186;863;;;
242;858;;;
458;409;;;
346;278;;;
229;918;;;
181;1078;;;
405;827;;;
156;415;;;
139;829;;;
280;318;;;
513;257;;;
736;474;;;
185;886;;;
263;892;;;
192;318;;;
332;945;;;
502;427;;;
287;711;;;
146;878;;;
241;574;;;
401;302;;;
409;559;;;
158;1006;;;
586;1010;;;
788;280;;;
178;612;;;
126;1026;;;
303;355;;;
258;273;;;
160;868;;;
835;543;;;
164;312;;;
415;1044;;;
244;535;;;
223;817;;;
448;600;;;
142;673;;;
407;855;;;
304;418;;;
168;711;;;
339;803;;;
260;400;;;
406;810;;;
330;730;;;
288;731;;;
582;514;;;
200;715;;;
207;1683;;;
460;580;;;
648;439;;;
413;1069;;;
310;1208;;;
176;1050;;;
531;882;;;
590;623;;;
282;1279;;;
291;1003;;;
150;541;;;
156;1006;;;
624;369;;;
371;450;;;
213;1127;;;
304;588;;;
383;553;;;
381;572;;;
215;740;;;
742;1139;;;
181;405;;;
162;1093;;;
328;359;;;
608;442;;;
273;600;;;
600;1105;;;
179;860;;;
154;1121;;;
190;627;;;
318;355;;;
154;667;;;
288;945;;;
948;310;;;
248;714;;;
580;1931;;;
657;712;;;
233;1189;;;
233;910;;;
251;521;;;
231;841;;;
298;592;;;
231;541;;;
829;325;;;
1446;657;;;
312;1173;;;
223;1690;;;
283;713;;;
217;406;;;
182;415;;;
359;592;;;
513;493;;;
170;983;;;
324;1127;;;
727;529;;;
298;937;;;
521;1340;;;
243;1082;;;
438;833;;;
551;659;;;
154;572;;;
405;1011;;;
410;440;;;
379;1054;;;
209;1042;;;
502;640;;;
247;523;;;
178;694;;;
415;622;;;
767;351;;;
172;959;;;
160;919;;;
241;355;;;
170;308;;;
671;521;;;
604;542;;;
166;1006;;;
158;957;;;
275;337;;;
154;396;;;
160;675;;;
543;413;;;
764;316;;;
507;1058;;;
460;1297;;;
276;1115;;;
162;667;;;
197;829;;;
257;425;;;
232;515;;;
550;655;;;
195;438;;;
693;1348;;;
175;489;;;
572;1577;;;
718;390;;;
229;1340;;;
185;1413;;;
219;414;;;
806;460;;;
316;462;;;
365;1194;;;
367;872;;;
436;428;;;
187;683;;;
539;1058;;;
164;527;;;
882;1368;;;
128;509;;;
344;1956;;;
471;294;;;
540;947;;;
142;1048;;;
361;1468;;;
233;308;;;
744;501;;;
264;513;;;
178;1202;;;
333;913;;;
669;300;;;
172;906;;;
363;1500;;;
328;620;;;
177;940;;;
386;959;;;
294;422;;;
209;994;;;
535;505;;;
146;541;;;
144;1077;;;
523;335;;;
420;555;;;
352;1111;;;
298;750;;;
302;501;;;
338;410;;;
219;910;;;
225;562;;;
255;375;;;
419;621;;;
379;533;;;
182;580;;;
236;870;;;
410;610;;;
175;690;;;
136;580;;;
221;408;;;
312;282;;;
328;616;;;
233;675;;;
178;835;;;
257;608;;;
279;472;;;
458;598;;;
606;417;;;
488;1302;;;
296;1241;;;
556;1192;;;
250;853;;;
180;1106;;;
162;687;;;
176;486;;;
146;298;;;
241;454;;;
327;558;;;
191;920;;;
229;440;;;
361;700;;;
160;447;;;
286;1255;;;
181;316;;;
308;584;;;
639;513;;;
736;561;;;
314;1342;;;
278;1380;;;
349;750;;;
565;742;;;
264;1070;;;
228;1540;;;
160;856;;;
227;552;;;
156;340;;;
193;572;;;
217;420;;;
251;388;;;
294;725;;;
146;550;;;
251;600;;;
310;405;;;
814;908;;;
290;778;;;
162;1680;;;
271;452;;;
472;292;;;
211;400;;;
152;1165;;;
334;656;;;
338;405;;;
162;639;;;
523;490;;;
180;316;;;
202;944;;;
225;454;;;
203;498;;;
205;782;;;
480;590;;;
157;556;;;
174;817;;;
168;394;;;
197;650;;;
170;416;;;
182;484;;;
160;478;;;
183;478;;;
719;391;;;
287;375;;;
383;819;;;
561;655;;;
349;857;;;
181;1170;;;
156;810;;;
356;628;;;
760;337;;;
623;833;;;
199;1243;;;
894;1403;;;
152;513;;;
289;1484;;;
154;420;;;
328;770;;;
359;544;;;
270;482;;;
600;735;;;
280;695;;;
371;2025;;;
;975;;;
;742;;;
